   0.0000 0.0000e+00 0.0000e+00 0.0000e+00 0.0000e+00 0.0000e+00 0.0000e+00 0.0000e+00 0.0000e+00 0.0000e+00 0.0000e+00 0.0000e+00 0.0000e+00 0.0000e+00
   0.2500 1.0653e+08 5.2323e+07 3.7267e+08 5.4824e+07 3.7267e+08 9.0250e+07 1.0653e+08 3.7267e+08 2.0334e+08 2.9694e+08 5.4824e+07 3.4603e+08 8.3176e+07
   0.5000 1.8182e+08 9.3558e+07 5.2850e+08 9.7286e+07 5.2849e+08 1.5644e+08 1.8267e+08 4.2962e+08 3.0915e+08 4.4052e+08 9.7286e+07 5.2849e+08 1.0379e+08
   0.7500 2.3903e+08 8.9313e+07 6.4231e+08 9.6720e+07 6.4030e+08 1.9252e+08 2.7924e+08 3.6368e+08 3.5854e+08 5.2330e+08 1.3127e+08 6.4030e+08 9.6720e+07
   1.0000 2.7146e+08 7.2976e+07 6.9347e+08 8.3040e+07 6.8649e+08 2.0906e+08 3.4788e+08 2.8229e+08 3.6345e+08 5.5032e+08 1.5167e+08 6.8649e+08 8.3040e+07
   1.2500 2.7482e+08 5.9266e+07 6.7258e+08 7.0080e+07 6.6170e+08 2.0740e+08 3.6723e+08 2.1578e+08 3.3459e+08 5.1998e+08 1.5592e+08 6.6170e+08 7.0080e+07
   1.5000 2.5528e+08 5.0024e+07 5.9906e+08 5.9989e+07 5.8708e+08 1.9210e+08 3.4523e+08 1.6821e+08 2.8736e+08 4.5220e+08 1.4716e+08 5.8708e+08 5.9989e+07
   1.7500 2.2354e+08 4.6185e+07 5.0358e+08 5.4671e+07 4.9249e+08 1.6934e+08 3.0154e+08 1.4075e+08 2.3601e+08 3.7242e+08 1.3103e+08 4.9249e+08 5.4671e+07
   2.0000 1.8850e+08 4.7774e+07 4.0857e+08 5.4880e+07 3.9919e+08 1.4435e+08 2.5204e+08 1.3164e+08 1.8911e+08 2.9743e+08 1.1235e+08 3.9919e+08 5.4880e+07
   2.2500 1.5538e+08 4.9307e+07 3.2496e+08 5.5223e+07 3.1739e+08 1.2045e+08 2.0546e+08 1.2502e+08 1.4975e+08 2.3393e+08 9.4136e+07 3.1739e+08 5.5223e+07
   2.5000 1.2647e+08 4.7462e+07 2.5597e+08 5.2300e+07 2.5000e+08 9.9248e+07 1.6531e+08 1.1287e+08 1.1811e+08 1.8290e+08 7.7830e+07 2.5000e+08 5.2300e+07
   2.7500 1.0231e+08 4.3141e+07 2.0098e+08 4.7026e+07 1.9633e+08 8.1226e+07 1.3224e+08 9.7602e+07 9.3180e+07 1.4291e+08 6.3910e+07 1.9633e+08 4.7026e+07
   3.0000 8.2608e+07 3.8210e+07 1.5790e+08 4.1320e+07 1.5429e+08 6.6283e+07 1.0565e+08 8.2873e+07 7.3735e+07 1.1196e+08 5.2332e+07 1.5429e+08 4.1320e+07
   3.2500 6.6727e+07 3.3329e+07 1.2443e+08 3.5823e+07 1.2162e+08 5.4062e+07 8.4518e+07 6.9691e+07 5.8620e+07 8.8118e+07 4.2836e+07 1.2162e+08 3.5823e+07
   3.5000 5.4000e+07 2.8754e+07 9.8420e+07 3.0760e+07 9.6225e+07 4.4139e+07 6.7792e+07 5.8234e+07 4.6859e+07 6.9746e+07 3.5101e+07 9.6225e+07 3.0760e+07
   3.7500 4.3829e+07 2.4659e+07 7.8198e+07 2.6278e+07 7.6474e+07 3.6118e+07 5.4575e+07 4.8551e+07 3.7687e+07 5.5556e+07 2.8826e+07 7.6474e+07 2.6278e+07
   4.0000 3.5704e+07 2.1073e+07 6.2469e+07 2.2383e+07 6.1115e+07 2.9653e+07 4.4110e+07 4.0442e+07 3.0494e+07 4.4544e+07 2.3743e+07 6.1115e+07 2.2383e+07
   4.2500 2.9207e+07 1.7976e+07 5.0184e+07 1.9039e+07 4.9119e+07 2.4438e+07 3.5808e+07 3.3701e+07 2.4821e+07 3.5941e+07 1.9626e+07 4.9119e+07 1.9039e+07
   4.5000 2.4004e+07 1.5325e+07 4.0544e+07 1.6189e+07 3.9703e+07 2.0229e+07 2.9211e+07 2.8131e+07 2.0328e+07 2.9177e+07 1.6289e+07 3.9703e+07 1.6189e+07
   4.7500 1.9828e+07 1.2896e+07 3.2957e+07 1.3581e+07 3.2291e+07 1.6823e+07 2.3958e+07 2.3543e+07 1.6746e+07 2.3836e+07 1.3581e+07 3.2291e+07 1.3783e+07
   5.0000 1.6460e+07 1.0833e+07 2.6952e+07 1.1373e+07 2.6422e+07 1.4055e+07 1.9754e+07 1.9760e+07 1.3869e+07 1.9591e+07 1.1373e+07 2.6422e+07 1.1757e+07
   5.2500 1.3730e+07 9.1381e+06 2.2169e+07 9.5662e+06 2.1745e+07 1.1794e+07 1.6372e+07 1.6635e+07 1.1547e+07 1.6195e+07 9.5662e+06 2.1745e+07 1.0048e+07
   5.5000 1.1507e+07 7.7400e+06 1.8337e+07 8.0812e+06 1.7997e+07 9.9404e+06 1.3638e+07 1.4049e+07 9.6626e+06 1.3460e+07 8.0812e+06 1.7997e+07 8.6059e+06
   5.7500 9.6894e+06 6.5818e+06 1.5249e+07 6.8554e+06 1.4974e+07 8.4145e+06 1.1418e+07 1.1905e+07 8.1255e+06 1.1246e+07 6.8554e+06 1.4974e+07 7.3886e+06
   6.0000 8.1949e+06 5.6183e+06 1.2746e+07 5.8387e+06 1.2522e+07 7.1522e+06 9.6050e+06 1.0122e+07 6.8648e+06 9.4409e+06 5.8387e+06 1.2522e+07 6.3593e+06
   6.2500 6.9596e+06 4.8133e+06 1.0704e+07 4.9918e+06 1.0521e+07 6.1028e+06 8.1160e+06 8.6328e+06 5.8253e+06 7.9627e+06 4.9918e+06 1.0521e+07 5.4870e+06
   6.5000 5.9335e+06 4.1381e+06 9.0310e+06 4.2833e+06 8.8808e+06 5.2263e+06 6.8862e+06 7.3846e+06 4.9638e+06 6.7456e+06 4.2833e+06 8.8808e+06 4.7462e+06
   6.7500 5.0774e+06 3.5698e+06 7.6526e+06 3.6883e+06 7.5289e+06 4.4914e+06 5.8658e+06 6.3355e+06 4.2465e+06 5.7388e+06 3.6883e+06 7.5289e+06 4.1157e+06
   7.0000 4.3612e+06 3.0897e+06 6.5112e+06 3.1869e+06 6.4088e+06 3.8734e+06 5.0168e+06 5.4528e+06 3.6468e+06 4.9021e+06 3.1869e+06 6.4088e+06 3.5782e+06
   7.2500 3.7595e+06 2.6825e+06 5.5619e+06 2.7627e+06 5.4767e+06 3.3518e+06 4.3071e+06 4.7074e+06 3.1432e+06 4.2038e+06 2.7627e+06 5.4767e+06 3.1186e+06
   7.5000 3.2518e+06 2.3360e+06 4.7692e+06 2.4023e+06 4.6980e+06 2.9097e+06 3.7112e+06 4.0758e+06 2.7187e+06 3.6185e+06 2.4023e+06 4.6980e+06 2.7244e+06
   7.7500 2.8219e+06 2.0400e+06 4.1049e+06 2.0950e+06 4.0451e+06 2.5338e+06 3.2090e+06 3.5389e+06 2.3593e+06 3.1262e+06 2.0950e+06 4.0451e+06 2.3853e+06
   8.0000 2.4565e+06 1.7863e+06 3.5461e+06 1.8322e+06 3.4958e+06 2.2129e+06 2.7838e+06 3.0809e+06 2.0540e+06 2.7105e+06 1.8322e+06 3.4958e+06 2.0928e+06
   8.2500 2.1448e+06 1.5684e+06 3.0737e+06 1.6067e+06 3.0312e+06 1.9381e+06 2.4227e+06 2.6893e+06 1.7936e+06 2.3578e+06 1.6067e+06 3.0312e+06 1.8404e+06
   8.5000 1.8780e+06 1.3808e+06 2.6723e+06 1.4129e+06 2.6362e+06 1.7021e+06 2.1148e+06 2.3535e+06 1.5708e+06 2.0569e+06 1.4129e+06 2.6362e+06 1.6224e+06
   8.7500 1.6489e+06 1.2187e+06 2.3302e+06 1.2458e+06 2.2994e+06 1.4986e+06 1.8514e+06 2.0648e+06 1.3796e+06 1.7994e+06 1.2458e+06 2.2994e+06 1.4336e+06
   9.0000 1.4515e+06 1.0783e+06 2.0377e+06 1.1012e+06 2.0114e+06 1.3228e+06 1.6252e+06 1.8159e+06 1.2149e+06 1.5786e+06 1.1012e+06 2.0114e+06 1.2696e+06
   9.2500 1.2810e+06 9.5634e+05 1.7870e+06 9.7574e+05 1.7644e+06 1.1704e+06 1.4305e+06 1.6007e+06 1.0726e+06 1.3886e+06 9.7574e+05 1.7644e+06 1.1268e+06
   9.5000 1.1332e+06 8.5009e+05 1.5715e+06 8.6658e+05 1.5521e+06 1.0380e+06 1.2623e+06 1.4144e+06 9.4935e+05 1.2249e+06 8.6658e+05 1.5521e+06 1.0020e+06
   9.7500 1.0049e+06 7.5728e+05 1.3858e+06 7.7136e+05 1.3690e+06 9.2263e+05 1.1167e+06 1.2525e+06 8.4228e+05 1.0833e+06 7.7136e+05 1.3690e+06 8.9278e+05
  10.0000 8.9315e+05 6.7603e+05 1.2252e+06 6.8807e+05 1.2106e+06 8.2185e+05 9.9023e+05 1.1117e+06 7.4900e+05 9.6049e+05 6.8807e+05 1.2106e+06 7.9706e+05
  10.2500 7.9555e+05 6.0471e+05 1.0857e+06 6.1504e+05 1.0731e+06 7.3360e+05 8.8010e+05 9.8886e+05 6.6750e+05 8.5351e+05 6.1504e+05 1.0731e+06 7.1305e+05
  10.5000 7.1012e+05 5.4197e+05 9.6431e+05 5.5086e+05 9.5334e+05 6.5616e+05 7.8397e+05 8.8148e+05 5.9613e+05 7.6012e+05 5.5086e+05 9.5334e+05 6.3915e+05
  10.7500 6.3519e+05 4.8664e+05 8.5840e+05 4.9432e+05 8.4883e+05 5.8806e+05 6.9986e+05 7.8740e+05 5.3349e+05 6.7837e+05 4.9432e+05 8.4883e+05 5.7399e+05
  11.0000 5.6931e+05 4.3776e+05 7.6578e+05 4.4440e+05 7.5739e+05 5.2804e+05 6.2610e+05 7.0480e+05 4.7838e+05 6.0668e+05 4.4440e+05 7.5739e+05 5.1641e+05
  11.2500 5.1128e+05 3.9448e+05 6.8458e+05 4.0025e+05 6.7721e+05 4.7505e+05 5.6127e+05 6.3214e+05 4.2981e+05 5.4365e+05 4.0025e+05 6.7721e+05 4.6542e+05
  11.5000 4.6006e+05 3.5609e+05 6.1324e+05 3.6110e+05 6.0675e+05 4.2816e+05 5.0419e+05 5.6808e+05 3.8691e+05 4.8813e+05 3.6110e+05 6.0675e+05 4.2019e+05
  11.7500 4.1476e+05 3.2196e+05 5.5044e+05 3.2633e+05 5.4469e+05 3.8661e+05 4.5381e+05 5.1150e+05 3.4894e+05 4.3912e+05 3.2633e+05 5.4469e+05 3.7997e+05
  12.0000 3.7460e+05 2.9157e+05 4.9502e+05 2.9539e+05 4.8992e+05 3.4970e+05 4.0925e+05 4.6142e+05 3.1527e+05 3.9578e+05 2.9539e+05 4.8992e+05 3.4415e+05
  12.2500 3.3886e+05 2.6446e+05 4.4598e+05 2.6781e+05 4.4145e+05 3.1679e+05 3.6966e+05 4.1688e+05 2.8530e+05 3.5732e+05 2.6781e+05 4.4145e+05 3.1219e+05
  12.5000 3.0699e+05 2.4024e+05 4.0249e+05 2.4318e+05 3.9847e+05 2.8739e+05 3.3443e+05 3.7719e+05 2.5858e+05 3.2315e+05 2.4318e+05 3.9847e+05 2.8362e+05
  12.7500 2.7853e+05 2.1855e+05 3.6386e+05 2.2114e+05 3.6027e+05 2.6110e+05 3.0302e+05 3.4179e+05 2.3472e+05 2.9272e+05 2.2114e+05 3.6027e+05 2.5804e+05
  13.0000 2.5308e+05 1.9911e+05 3.2947e+05 2.0140e+05 3.2626e+05 2.3754e+05 2.7497e+05 3.1016e+05 2.1337e+05 2.6557e+05 2.0140e+05 3.2626e+05 2.3509e+05
  13.2500 2.3028e+05 1.8165e+05 2.9880e+05 1.8367e+05 2.9594e+05 2.1641e+05 2.4989e+05 2.8186e+05 1.9424e+05 2.4131e+05 1.8367e+05 2.9594e+05 2.1448e+05
  13.5000 2.0983e+05 1.6595e+05 2.7141e+05 1.6774e+05 2.6884e+05 1.9743e+05 2.2743e+05 2.5651e+05 1.7708e+05 2.1959e+05 1.6774e+05 2.6884e+05 1.9593e+05
  13.7500 1.9146e+05 1.5182e+05 2.4690e+05 1.5340e+05 2.4459e+05 1.8035e+05 2.0729e+05 2.3378e+05 1.6166e+05 2.0011e+05 1.5340e+05 2.4459e+05 1.7922e+05
  14.0000 1.7495e+05 1.3906e+05 2.2492e+05 1.4048e+05 2.2285e+05 1.6497e+05 1.8921e+05 2.1337e+05 1.4778e+05 1.8262e+05 1.4048e+05 2.2285e+05 1.6413e+05
  14.2500 1.6008e+05 1.2755e+05 2.0520e+05 1.2881e+05 2.0332e+05 1.5111e+05 1.7295e+05 1.9503e+05 1.3528e+05 1.6688e+05 1.2881e+05 2.0332e+05 1.5050e+05
  14.5000 1.4667e+05 1.1713e+05 1.8746e+05 1.1826e+05 1.8577e+05 1.3859e+05 1.5831e+05 1.7853e+05 1.2400e+05 1.5271e+05 1.1826e+05 1.8577e+05 1.3816e+05
  14.7500 1.3455e+05 1.0769e+05 1.7149e+05 1.0870e+05 1.6995e+05 1.2726e+05 1.4509e+05 1.6362e+05 1.1380e+05 1.3991e+05 1.0870e+05 1.6995e+05 1.2698e+05
  15.0000 1.2358e+05 9.9110e+04 1.5707e+05 1.0001e+05 1.5568e+05 1.1699e+05 1.3314e+05 1.5012e+05 1.0456e+05 1.2835e+05 1.0001e+05 1.5568e+05 1.1684e+05
  15.2500 1.1363e+05 9.1313e+04 1.4405e+05 9.2124e+04 1.4278e+05 1.0767e+05 1.2232e+05 1.3789e+05 9.6179e+04 1.1788e+05 9.2124e+04 1.4278e+05 1.0762e+05
  15.5000 1.0460e+05 8.4215e+04 1.3227e+05 8.4945e+04 1.3111e+05 9.9195e+04 1.1250e+05 1.2680e+05 8.8569e+04 1.0840e+05 8.4945e+04 1.3111e+05 9.9236e+04
  15.7500 9.6391e+04 7.7748e+04 1.2159e+05 7.8405e+04 1.2054e+05 9.1485e+04 1.0359e+05 1.1672e+05 8.1650e+04 9.9788e+04 7.8405e+04 1.2054e+05 9.1600e+04
  16.0000 8.8920e+04 7.1849e+04 1.1190e+05 7.2442e+04 1.1094e+05 8.4461e+04 9.5486e+04 1.0755e+05 7.5351e+04 9.1964e+04 7.2442e+04 1.1094e+05 8.4637e+04
  16.2500 8.2114e+04 6.6463e+04 1.0310e+05 6.6998e+04 1.0223e+05 7.8055e+04 8.8112e+04 9.9208e+04 6.9610e+04 8.4845e+04 6.6998e+04 1.0223e+05 7.8283e+04
  16.5000 7.5906e+04 6.1540e+04 9.5098e+04 6.2025e+04 9.4297e+04 7.2206e+04 8.1392e+04 9.1605e+04 6.4371e+04 7.8358e+04 6.2025e+04 9.4297e+04 7.2477e+04
  16.7500 7.0237e+04 5.7037e+04 8.7807e+04 5.7476e+04 8.7074e+04 6.6861e+04 7.5262e+04 8.4670e+04 5.9585e+04 7.2442e+04 5.7476e+04 8.7074e+04 6.7167e+04
  17.0000 6.5056e+04 5.2913e+04 8.1159e+04 5.3312e+04 8.0486e+04 6.1970e+04 6.9662e+04 7.8339e+04 5.5208e+04 6.7039e+04 5.3312e+04 8.0486e+04 6.2305e+04
  17.2500 6.0314e+04 4.9134e+04 7.5089e+04 4.9496e+04 7.4471e+04 5.7491e+04 6.4543e+04 7.2552e+04 5.1202e+04 6.2099e+04 4.9496e+04 7.4471e+04 5.7850e+04
  17.5000 5.5970e+04 4.5668e+04 6.9541e+04 4.5997e+04 6.8972e+04 5.3384e+04 5.9858e+04 6.7259e+04 4.7530e+04 5.7577e+04 4.5997e+04 6.8972e+04 5.3764e+04
  17.7500 5.1987e+04 4.2483e+04 6.4463e+04 4.2784e+04 6.3939e+04 4.9615e+04 5.5565e+04 6.2412e+04 4.4161e+04 5.3434e+04 4.2784e+04 6.3939e+04 5.0011e+04
  18.0000 4.8329e+04 3.9553e+04 5.9812e+04 3.9828e+04 5.9329e+04 4.6151e+04 5.1625e+04 5.7965e+04 4.1066e+04 4.9633e+04 3.9828e+04 5.9329e+04 4.6556e+04
  18.2500 4.4966e+04 3.6854e+04 5.5547e+04 3.7105e+04 5.5101e+04 4.2964e+04 4.8007e+04 5.3881e+04 3.8221e+04 4.6143e+04 3.7105e+04 5.5101e+04 4.3372e+04
  18.5000 4.1872e+04 3.4366e+04 5.1632e+04 3.4595e+04 5.1219e+04 4.0029e+04 4.4680e+04 5.0128e+04 3.5601e+04 4.2936e+04 3.4595e+04 5.1219e+04 4.0437e+04
  18.7500 3.9022e+04 3.2069e+04 4.8034e+04 3.2280e+04 4.7652e+04 3.7324e+04 4.1618e+04 4.6674e+04 3.3188e+04 3.9984e+04 3.2280e+04 4.7652e+04 3.7729e+04
  19.0000 3.6395e+04 2.9949e+04 4.4724e+04 3.0142e+04 4.4371e+04 3.4829e+04 3.8797e+04 4.3493e+04 3.0963e+04 3.7266e+04 3.0142e+04 4.4371e+04 3.5227e+04
  19.2500 3.3971e+04 2.7989e+04 4.1677e+04 2.8166e+04 4.1349e+04 3.2525e+04 3.6196e+04 4.0562e+04 2.8909e+04 3.4760e+04 2.8166e+04 4.1349e+04 3.2916e+04
  19.5000 3.1733e+04 2.6176e+04 3.8869e+04 2.6339e+04 3.8564e+04 3.0396e+04 3.3795e+04 3.7857e+04 2.7011e+04 3.2448e+04 2.6339e+04 3.8564e+04 3.0777e+04
  19.7500 2.9664e+04 2.4498e+04 3.6278e+04 2.4648e+04 3.5995e+04 2.8427e+04 3.1578e+04 3.5359e+04 2.5257e+04 3.0312e+04 2.4648e+04 3.5995e+04 2.8798e+04
  20.0000 2.7749e+04 2.2943e+04 3.3886e+04 2.3082e+04 3.3623e+04 2.6604e+04 2.9527e+04 3.3050e+04 2.3633e+04 2.8338e+04 2.3082e+04 3.3623e+04 2.6965e+04
  20.2500 2.5977e+04 2.1502e+04 3.1675e+04 2.1629e+04 3.1430e+04 2.4916e+04 2.7630e+04 3.0914e+04 2.2129e+04 2.6512e+04 2.1629e+04 3.1430e+04 2.5265e+04
  20.5000 2.4335e+04 2.0164e+04 2.9630e+04 2.0282e+04 2.9401e+04 2.3350e+04 2.5873e+04 2.8937e+04 2.0736e+04 2.4821e+04 2.0282e+04 2.9401e+04 2.3689e+04
  20.7500 2.2812e+04 1.8923e+04 2.7736e+04 1.9032e+04 2.7523e+04 2.1897e+04 2.4244e+04 2.7105e+04 1.9442e+04 2.3253e+04 1.9032e+04 2.7523e+04 2.2227e+04
  21.0000 2.1398e+04 1.7769e+04 2.5982e+04 1.7870e+04 2.5783e+04 2.0548e+04 2.2734e+04 2.5406e+04 1.8242e+04 2.1800e+04 1.7870e+04 2.5783e+04 2.0868e+04
  21.2500 2.0086e+04 1.6696e+04 2.4354e+04 1.6790e+04 2.4168e+04 1.9295e+04 2.1331e+04 2.3830e+04 1.7127e+04 2.0450e+04 1.6790e+04 2.4168e+04 1.9606e+04
  21.5000 1.8865e+04 1.5698e+04 2.2844e+04 1.5785e+04 2.2670e+04 1.8129e+04 2.0028e+04 2.2366e+04 1.6090e+04 1.9197e+04 1.5785e+04 2.2670e+04 1.8432e+04
  21.7500 1.7730e+04 1.4769e+04 2.1441e+04 1.4849e+04 2.1278e+04 1.7044e+04 1.8817e+04 2.1005e+04 1.5125e+04 1.8031e+04 1.4849e+04 2.1278e+04 1.7338e+04
  22.0000 1.6673e+04 1.3902e+04 2.0138e+04 1.3977e+04 1.9985e+04 1.6034e+04 1.7690e+04 1.9739e+04 1.4227e+04 1.6947e+04 1.3977e+04 1.9985e+04 1.6319e+04
  22.2500 1.5689e+04 1.3094e+04 1.8925e+04 1.3164e+04 1.8782e+04 1.5092e+04 1.6640e+04 1.8560e+04 1.3390e+04 1.5938e+04 1.3164e+04 1.8782e+04 1.5368e+04
  22.5000 1.4771e+04 1.2340e+04 1.7797e+04 1.2404e+04 1.7662e+04 1.4214e+04 1.5662e+04 1.7463e+04 1.2609e+04 1.4998e+04 1.2404e+04 1.7662e+04 1.4480e+04
  22.7500 1.3915e+04 1.1635e+04 1.6745e+04 1.1695e+04 1.6620e+04 1.3394e+04 1.4750e+04 1.6439e+04 1.1881e+04 1.4122e+04 1.1695e+04 1.6620e+04 1.3652e+04
  23.0000 1.3116e+04 1.0977e+04 1.5766e+04 1.1033e+04 1.5647e+04 1.2629e+04 1.3899e+04 1.5485e+04 1.1201e+04 1.3304e+04 1.1033e+04 1.5647e+04 1.2877e+04
  23.2500 1.2370e+04 1.0361e+04 1.4852e+04 1.0413e+04 1.4740e+04 1.1914e+04 1.3104e+04 1.4594e+04 1.0565e+04 1.2541e+04 1.0413e+04 1.4740e+04 1.2153e+04
  23.5000 1.1672e+04 9.7847e+03 1.3999e+04 9.8337e+03 1.3894e+04 1.1245e+04 1.2362e+04 1.3762e+04 9.9712e+03 1.1828e+04 9.8337e+03 1.3894e+04 1.1475e+04
  23.7500 1.1019e+04 9.2453e+03 1.3202e+04 9.2911e+03 1.3104e+04 1.0619e+04 1.1668e+04 1.2984e+04 9.4155e+03 1.1162e+04 9.2911e+03 1.3104e+04 1.0841e+04
  24.0000 1.0409e+04 8.7400e+03 1.2458e+04 8.7828e+03 1.2365e+04 1.0033e+04 1.1019e+04 1.2257e+04 8.8953e+03 1.0538e+04 8.7828e+03 1.2365e+04 1.0246e+04
  24.2500 9.8367e+03 8.2663e+03 1.1761e+04 8.3064e+03 1.1674e+04 9.4844e+03 1.0411e+04 1.1576e+04 8.4081e+03 9.9551e+03 8.3064e+03 1.1674e+04 9.6895e+03
  24.5000 9.3009e+03 7.8221e+03 1.1110e+04 7.8596e+03 1.1027e+04 8.9701e+03 9.8416e+03 1.0939e+04 7.9515e+03 9.4089e+03 7.8596e+03 1.1027e+04 9.1673e+03
  24.7500 8.7986e+03 7.4053e+03 1.0499e+04 7.4404e+03 1.0421e+04 8.4877e+03 9.3080e+03 1.0342e+04 7.5233e+03 8.8970e+03 7.4404e+03 1.0421e+04 8.6774e+03
  25.0000 8.3274e+03 7.0139e+03 9.9277e+03 7.0469e+03 9.8540e+03 8.0350e+03 8.8077e+03 9.7825e+03 7.1216e+03 8.4170e+03 7.0469e+03 9.8540e+03 8.2175e+03
  25.2500 7.8851e+03 6.6463e+03 9.3916e+03 6.6772e+03 9.3219e+03 7.6100e+03 8.3381e+03 9.2575e+03 6.7444e+03 7.9667e+03 6.6772e+03 9.3219e+03 7.7856e+03
  25.5000 7.4697e+03 6.3007e+03 8.8887e+03 6.3298e+03 8.8228e+03 7.2108e+03 7.8973e+03 8.7649e+03 6.3902e+03 7.5439e+03 6.3298e+03 8.8228e+03 7.3798e+03
  25.7500 7.0794e+03 5.9758e+03 8.4166e+03 6.0031e+03 8.3542e+03 6.8355e+03 7.4832e+03 8.3022e+03 6.0572e+03 7.1469e+03 6.0031e+03 8.3542e+03 6.9983e+03
  26.0000 6.7125e+03 5.6701e+03 7.9732e+03 5.6958e+03 7.9141e+03 6.4826e+03 7.0939e+03 7.8676e+03 5.7442e+03 6.7737e+03 5.6958e+03 7.9141e+03 6.6394e+03
  26.2500 6.3673e+03 5.3823e+03 7.5566e+03 5.4065e+03 7.5006e+03 6.1505e+03 6.7279e+03 7.4590e+03 5.4496e+03 6.4229e+03 5.4065e+03 7.5006e+03 6.3017e+03
  26.5000 6.0425e+03 5.1113e+03 7.1649e+03 5.1340e+03 7.1119e+03 5.8379e+03 6.3835e+03 7.0748e+03 5.1724e+03 6.0929e+03 5.1340e+03 7.1119e+03 5.9836e+03
  26.7500 5.7368e+03 4.8559e+03 6.7966e+03 4.8773e+03 6.7463e+03 5.5436e+03 6.0594e+03 6.7132e+03 4.9113e+03 5.7824e+03 4.8773e+03 6.7463e+03 5.6839e+03
  27.0000 5.4487e+03 4.6151e+03 6.4500e+03 4.6353e+03 6.4023e+03 5.2662e+03 5.7541e+03 6.3729e+03 4.6654e+03 5.4900e+03 4.6353e+03 6.4023e+03 5.4014e+03
  27.2500 5.1772e+03 4.3880e+03 6.1237e+03 4.4070e+03 6.0784e+03 5.0048e+03 5.4665e+03 6.0523e+03 4.4336e+03 5.2146e+03 4.4070e+03 6.0784e+03 5.1350e+03
  27.5000 4.9213e+03 4.1736e+03 5.8164e+03 4.1916e+03 5.7734e+03 4.7582e+03 5.1954e+03 5.7502e+03 4.2149e+03 4.9550e+03 4.1916e+03 5.7734e+03 4.8836e+03
  27.7500 4.6799e+03 3.9713e+03 5.5268e+03 3.9883e+03 5.4859e+03 4.5256e+03 4.9397e+03 5.4655e+03 4.0087e+03 4.7103e+03 3.9883e+03 5.4859e+03 4.6463e+03
  28.0000 4.4520e+03 3.7802e+03 5.2537e+03 3.7963e+03 5.2149e+03 4.3059e+03 4.6984e+03 5.1969e+03 3.8140e+03 4.4794e+03 3.7963e+03 5.2149e+03 4.4222e+03
  28.2500 4.2368e+03 3.5997e+03 4.9961e+03 3.6148e+03 4.9592e+03 4.0985e+03 4.4707e+03 4.9434e+03 3.6301e+03 4.2615e+03 3.6148e+03 4.9592e+03 4.2105e+03
  28.5000 4.0336e+03 3.4290e+03 4.7531e+03 3.4433e+03 4.7180e+03 3.9025e+03 4.2556e+03 4.7041e+03 3.4564e+03 4.0557e+03 3.4433e+03 4.7180e+03 4.0104e+03
  28.7500 3.8415e+03 3.2675e+03 4.5235e+03 3.2811e+03 4.4901e+03 3.7173e+03 4.0523e+03 4.4780e+03 3.2922e+03 3.8613e+03 3.2811e+03 4.4901e+03 3.8211e+03
  29.0000 3.6599e+03 3.1148e+03 4.3067e+03 3.1277e+03 4.2749e+03 3.5421e+03 3.8602e+03 4.2645e+03 3.1369e+03 3.6776e+03 3.1277e+03 4.2749e+03 3.6421e+03
  29.2500 3.4882e+03 2.9702e+03 4.1018e+03 2.9824e+03 4.0716e+03 3.3764e+03 3.6785e+03 4.0625e+03 2.9901e+03 3.5039e+03 2.9824e+03 4.0716e+03 3.4727e+03
  29.5000 3.3257e+03 2.8334e+03 3.9081e+03 2.8449e+03 3.8793e+03 3.2196e+03 3.5066e+03 3.8716e+03 2.8511e+03 3.3397e+03 2.8449e+03 3.8793e+03 3.3123e+03
  29.7500 3.1718e+03 2.7037e+03 3.7249e+03 2.7147e+03 3.6974e+03 3.0711e+03 3.3439e+03 3.6909e+03 2.7195e+03 3.1842e+03 2.7147e+03 3.6974e+03 3.1603e+03
  30.0000 3.0261e+03 2.5808e+03 3.5514e+03 2.5912e+03 3.5253e+03 2.9304e+03 3.1898e+03 3.5198e+03 2.5948e+03 3.0370e+03 2.5912e+03 3.5253e+03 3.0164e+03
  30.2500 2.8880e+03 2.4643e+03 3.3873e+03 2.4742e+03 3.3623e+03 2.7971e+03 3.0439e+03 3.3579e+03 2.4767e+03 2.8976e+03 2.4742e+03 3.3623e+03 2.8799e+03
  30.5000 2.7572e+03 2.3539e+03 3.2318e+03 2.3632e+03 3.2080e+03 2.6707e+03 2.9056e+03 3.2044e+03 2.3647e+03 2.7654e+03 2.3632e+03 3.2080e+03 2.7505e+03
  30.7500 2.6331e+03 2.2491e+03 3.0845e+03 2.2580e+03 3.0617e+03 2.5509e+03 2.7745e+03 3.0590e+03 2.2585e+03 2.6402e+03 2.2580e+03 3.0617e+03 2.6278e+03
  31.0000 2.5154e+03 2.1493e+03 2.9448e+03 2.1578e+03 2.9231e+03 2.4372e+03 2.6501e+03 2.9211e+03 2.1578e+03 2.5215e+03 2.1580e+03 2.9231e+03 2.5113e+03
  31.2500 2.4037e+03 2.0541e+03 2.8123e+03 2.0621e+03 2.7916e+03 2.3293e+03 2.5321e+03 2.7903e+03 2.0621e+03 2.4088e+03 2.0632e+03 2.7916e+03 2.4008e+03
  31.5000 2.2976e+03 1.9638e+03 2.6867e+03 1.9714e+03 2.6669e+03 2.2268e+03 2.4201e+03 2.6662e+03 1.9714e+03 2.3019e+03 1.9731e+03 2.6669e+03 2.2957e+03
  31.7500 2.1969e+03 1.8779e+03 2.5674e+03 1.8851e+03 2.5485e+03 2.1295e+03 2.3138e+03 2.5484e+03 1.8851e+03 2.2004e+03 1.8875e+03 2.5485e+03 2.1960e+03
  32.0000 2.1013e+03 1.7964e+03 2.4546e+03 1.8032e+03 2.4365e+03 2.0371e+03 2.2128e+03 2.4365e+03 1.8032e+03 2.1040e+03 1.8061e+03 2.4361e+03 2.1012e+03
  32.2500 2.0104e+03 1.7189e+03 2.3475e+03 1.7254e+03 2.3303e+03 1.9492e+03 2.1169e+03 2.3303e+03 1.7254e+03 2.0125e+03 1.7288e+03 2.3294e+03 2.0111e+03
  32.5000 1.9240e+03 1.6452e+03 2.2458e+03 1.6514e+03 2.2293e+03 1.8658e+03 2.0257e+03 2.2293e+03 1.6514e+03 1.9255e+03 1.6552e+03 2.2281e+03 1.9254e+03
  32.7500 1.8419e+03 1.5752e+03 2.1492e+03 1.5810e+03 2.1334e+03 1.7863e+03 1.9390e+03 2.1334e+03 1.5810e+03 1.8428e+03 1.5852e+03 2.1318e+03 1.8438e+03
  33.0000 1.7637e+03 1.5085e+03 2.0573e+03 1.5141e+03 2.0422e+03 1.7108e+03 1.8565e+03 2.0422e+03 1.5141e+03 1.7641e+03 1.5186e+03 2.0403e+03 1.7662e+03
  33.2500 1.6894e+03 1.4451e+03 1.9699e+03 1.4504e+03 1.9555e+03 1.6389e+03 1.7781e+03 1.9555e+03 1.4504e+03 1.6894e+03 1.4552e+03 1.9533e+03 1.6924e+03
  33.5000 1.6186e+03 1.3848e+03 1.8867e+03 1.3898e+03 1.8729e+03 1.5705e+03 1.7035e+03 1.8729e+03 1.3898e+03 1.6182e+03 1.3948e+03 1.8705e+03 1.6221e+03
  33.7500 1.5513e+03 1.3273e+03 1.8076e+03 1.3320e+03 1.7944e+03 1.5053e+03 1.6324e+03 1.7944e+03 1.3320e+03 1.5505e+03 1.3373e+03 1.7917e+03 1.5551e+03
  34.0000 1.4871e+03 1.2725e+03 1.7322e+03 1.2770e+03 1.7196e+03 1.4432e+03 1.5648e+03 1.7196e+03 1.2770e+03 1.4860e+03 1.2825e+03 1.7168e+03 1.4912e+03
  34.2500 1.4260e+03 1.2203e+03 1.6605e+03 1.2246e+03 1.6484e+03 1.3841e+03 1.5003e+03 1.6484e+03 1.2246e+03 1.4245e+03 1.2302e+03 1.6454e+03 1.4304e+03
  34.5000 1.3677e+03 1.1706e+03 1.5921e+03 1.1747e+03 1.5806e+03 1.3277e+03 1.4389e+03 1.5806e+03 1.1747e+03 1.3660e+03 1.1804e+03 1.5774e+03 1.3724e+03
  34.7500 1.3122e+03 1.1232e+03 1.5270e+03 1.1271e+03 1.5159e+03 1.2740e+03 1.3803e+03 1.5159e+03 1.1271e+03 1.3102e+03 1.1329e+03 1.5127e+03 1.3171e+03
  35.0000 1.2592e+03 1.0779e+03 1.4649e+03 1.0817e+03 1.4543e+03 1.2227e+03 1.3245e+03 1.4543e+03 1.0817e+03 1.2571e+03 1.0876e+03 1.4509e+03 1.2643e+03
  35.2500 1.2087e+03 1.0348e+03 1.4057e+03 1.0383e+03 1.3955e+03 1.1738e+03 1.2713e+03 1.3955e+03 1.0383e+03 1.2064e+03 1.0443e+03 1.3921e+03 1.2140e+03
  35.5000 1.1605e+03 9.9363e+02 1.3493e+03 9.9699e+02 1.3395e+03 1.1271e+03 1.2205e+03 1.3395e+03 9.9699e+02 1.1580e+03 1.0030e+03 1.3360e+03 1.1659e+03
  35.7500 1.1145e+03 9.5432e+02 1.2954e+03 9.5753e+02 1.2860e+03 1.0826e+03 1.1720e+03 1.2860e+03 9.5753e+02 1.1118e+03 9.6362e+02 1.2824e+03 1.1200e+03
  36.0000 1.0705e+03 9.1679e+02 1.2440e+03 9.1984e+02 1.2349e+03 1.0400e+03 1.1257e+03 1.2349e+03 9.1984e+02 1.0678e+03 9.2596e+02 1.2313e+03 1.0761e+03
  36.2500 1.0286e+03 8.8094e+02 1.1949e+03 8.8385e+02 1.1862e+03 9.9940e+02 1.0815e+03 1.1862e+03 8.8385e+02 1.0257e+03 8.8997e+02 1.1826e+03 1.0343e+03
  36.5000 9.8850e+02 8.4669e+02 1.1480e+03 8.4946e+02 1.1397e+03 9.6057e+02 1.0393e+03 1.1397e+03 8.4946e+02 9.8555e+02 8.5558e+02 1.1360e+03 9.9424e+02
  36.7500 9.5020e+02 8.1395e+02 1.1032e+03 8.1660e+02 1.0952e+03 9.2346e+02 9.9898e+02 1.0952e+03 8.1660e+02 9.4716e+02 8.2271e+02 1.0916e+03 9.5598e+02
  37.0000 9.1359e+02 7.8266e+02 1.0604e+03 7.8519e+02 1.0527e+03 8.8799e+02 9.6043e+02 1.0527e+03 7.8519e+02 9.1048e+02 7.9127e+02 1.0491e+03 9.1940e+02
  37.2500 8.7859e+02 7.5274e+02 1.0195e+03 7.5515e+02 1.0121e+03 8.5406e+02 9.2358e+02 1.0121e+03 7.5515e+02 8.7542e+02 7.6121e+02 1.0085e+03 8.8442e+02
  37.5000 8.4512e+02 7.2412e+02 9.8040e+02 7.2642e+02 9.7332e+02 8.2161e+02 8.8833e+02 9.7332e+02 7.2642e+02 8.4189e+02 7.3244e+02 9.6966e+02 8.5095e+02
  37.7500 8.1309e+02 6.9673e+02 9.4301e+02 6.9893e+02 9.3619e+02 7.9056e+02 8.5462e+02 9.3619e+02 6.9893e+02 8.0983e+02 7.0492e+02 9.3254e+02 8.1893e+02
  38.0000 7.8245e+02 6.7053e+02 9.0723e+02 6.7263e+02 9.0067e+02 7.6084e+02 8.2236e+02 9.0067e+02 6.7263e+02 7.7915e+02 6.7857e+02 8.9704e+02 7.8828e+02
  38.2500 7.5311e+02 6.4544e+02 8.7300e+02 6.4745e+02 8.6669e+02 7.3239e+02 7.9148e+02 8.6669e+02 6.4745e+02 7.4979e+02 6.5334e+02 8.6308e+02 7.5893e+02
  38.5000 7.2503e+02 6.2142e+02 8.4023e+02 6.2335e+02 8.3416e+02 7.0515e+02 7.6193e+02 8.3416e+02 6.2335e+02 7.2169e+02 6.2918e+02 8.3057e+02 7.3083e+02
  38.7500 6.9814e+02 5.9842e+02 8.0886e+02 6.0026e+02 8.0302e+02 6.7905e+02 7.3363e+02 8.0302e+02 6.0026e+02 6.9478e+02 6.0603e+02 7.9946e+02 7.0391e+02
  39.0000 6.7239e+02 5.7638e+02 7.7884e+02 5.7815e+02 7.7321e+02 6.5406e+02 7.0653e+02 7.7321e+02 5.7815e+02 6.6902e+02 5.8386e+02 7.6968e+02 6.7812e+02
  39.2500 6.4772e+02 5.5527e+02 7.5008e+02 5.5697e+02 7.4466e+02 6.3011e+02 6.8057e+02 7.4466e+02 5.5697e+02 6.4435e+02 5.6261e+02 7.4116e+02 6.5341e+02
  39.5000 6.2408e+02 5.3504e+02 7.2253e+02 5.3667e+02 7.1732e+02 6.0716e+02 6.5570e+02 7.1732e+02 5.3667e+02 6.2072e+02 5.4224e+02 7.1386e+02 6.2972e+02
  39.7500 6.0143e+02 5.1566e+02 6.9614e+02 5.1721e+02 6.9112e+02 5.8516e+02 6.3186e+02 6.9112e+02 5.1721e+02 5.9807e+02 5.2271e+02 6.8769e+02 6.0702e+02
  40.0000 5.7971e+02 4.9707e+02 6.7085e+02 4.9856e+02 6.6601e+02 5.6407e+02 6.0902e+02 6.6601e+02 4.9856e+02 5.7637e+02 5.0399e+02 6.6263e+02 5.8524e+02
  40.2500 5.5889e+02 4.7924e+02 6.4660e+02 4.8068e+02 6.4194e+02 5.4384e+02 5.8711e+02 6.4194e+02 4.8068e+02 5.5556e+02 4.8603e+02 6.3860e+02 5.6436e+02
  40.5000 5.3892e+02 4.6214e+02 6.2336e+02 4.6352e+02 6.1886e+02 5.2444e+02 5.6611e+02 6.1886e+02 4.6352e+02 5.3561e+02 4.6879e+02 6.1557e+02 5.4432e+02
  40.7500 5.1977e+02 4.4574e+02 6.0106e+02 4.4707e+02 5.9673e+02 5.0582e+02 5.4596e+02 5.9673e+02 4.4707e+02 5.1648e+02 4.5226e+02 5.9349e+02 5.2510e+02
  41.0000 5.0139e+02 4.3000e+02 5.7968e+02 4.3127e+02 5.7550e+02 4.8795e+02 5.2663e+02 5.7550e+02 4.3127e+02 4.9813e+02 4.3638e+02 5.7231e+02 5.0664e+02
  41.2500 4.8375e+02 4.1489e+02 5.5916e+02 4.1612e+02 5.5513e+02 4.7080e+02 5.0808e+02 5.5513e+02 4.1612e+02 4.8052e+02 4.2114e+02 5.5200e+02 4.8893e+02
  41.5000 4.6681e+02 4.0039e+02 5.3947e+02 4.0157e+02 5.3558e+02 4.5434e+02 4.9027e+02 5.3558e+02 4.0157e+02 4.6361e+02 4.0651e+02 5.3250e+02 4.7192e+02
  41.7500 4.5056e+02 3.8646e+02 5.2057e+02 3.8760e+02 5.1682e+02 4.3853e+02 4.7317e+02 5.1682e+02 3.8760e+02 4.4739e+02 3.9246e+02 5.1379e+02 4.5558e+02
  42.0000 4.3494e+02 3.7308e+02 5.0243e+02 3.7418e+02 4.9881e+02 4.2334e+02 4.5676e+02 4.9881e+02 3.7418e+02 4.3181e+02 3.7896e+02 4.9583e+02 4.3989e+02
  42.2500 4.1995e+02 3.6023e+02 4.8501e+02 3.6129e+02 4.8151e+02 4.0876e+02 4.4099e+02 4.8151e+02 3.6129e+02 4.1685e+02 3.6598e+02 4.7859e+02 4.2481e+02
  42.5000 4.0554e+02 3.4789e+02 4.6827e+02 3.4891e+02 4.6489e+02 3.9474e+02 4.2584e+02 4.6489e+02 3.4891e+02 4.0248e+02 3.5352e+02 4.6203e+02 4.1032e+02
  42.7500 3.9169e+02 3.3602e+02 4.5219e+02 3.3701e+02 4.4893e+02 3.8127e+02 4.1129e+02 4.4893e+02 3.3701e+02 3.8867e+02 3.4153e+02 4.4612e+02 3.9640e+02
  43.0000 3.7838e+02 3.2462e+02 4.3674e+02 3.2557e+02 4.3359e+02 3.6832e+02 3.9730e+02 4.3359e+02 3.2557e+02 3.7541e+02 3.3001e+02 4.3083e+02 3.8301e+02
  43.2500 3.6559e+02 3.1365e+02 4.2189e+02 3.1457e+02 4.1885e+02 3.5587e+02 3.8385e+02 4.1885e+02 3.1457e+02 3.6265e+02 3.1893e+02 4.1615e+02 3.7013e+02
  43.5000 3.5329e+02 3.0311e+02 4.0762e+02 3.0399e+02 4.0468e+02 3.4390e+02 3.7092e+02 4.0468e+02 3.0399e+02 3.5039e+02 3.0827e+02 4.0203e+02 3.5775e+02
  43.7500 3.4146e+02 2.9296e+02 3.9389e+02 2.9382e+02 3.9105e+02 3.3238e+02 3.5848e+02 3.9105e+02 2.9382e+02 3.3860e+02 2.9802e+02 3.8845e+02 3.4583e+02
  44.0000 3.3008e+02 2.8321e+02 3.8069e+02 2.8404e+02 3.7794e+02 3.2130e+02 3.4652e+02 3.7794e+02 2.8404e+02 3.2726e+02 2.8815e+02 3.7540e+02 3.3437e+02
  44.2500 3.1912e+02 2.7382e+02 3.6799e+02 2.7462e+02 3.6534e+02 3.1064e+02 3.3501e+02 3.6534e+02 2.7462e+02 3.1636e+02 2.7865e+02 3.6285e+02 3.2334e+02
  44.5000 3.0859e+02 2.6478e+02 3.5577e+02 2.6556e+02 3.5321e+02 3.0038e+02 3.2394e+02 3.5321e+02 2.6556e+02 3.0586e+02 2.6951e+02 3.5077e+02 3.1272e+02
  44.7500 2.9844e+02 2.5609e+02 3.4402e+02 2.5684e+02 3.4154e+02 2.9051e+02 3.1328e+02 3.4154e+02 2.5684e+02 2.9576e+02 2.6072e+02 3.3915e+02 3.0250e+02
  45.0000 2.8868e+02 2.4771e+02 3.3270e+02 2.4844e+02 3.3030e+02 2.8100e+02 3.0302e+02 3.3030e+02 2.4844e+02 2.8604e+02 2.5224e+02 3.2796e+02 2.9265e+02
  45.2500 2.7927e+02 2.3965e+02 3.2181e+02 2.4035e+02 3.1949e+02 2.7185e+02 2.9314e+02 3.1949e+02 2.4035e+02 2.7668e+02 2.4408e+02 3.1720e+02 2.8317e+02
  45.5000 2.7022e+02 2.3188e+02 3.1132e+02 2.3256e+02 3.0907e+02 2.6303e+02 2.8363e+02 3.0907e+02 2.3256e+02 2.6767e+02 2.3622e+02 3.0683e+02 2.7404e+02
  45.7500 2.6150e+02 2.2440e+02 3.0122e+02 2.2506e+02 2.9904e+02 2.5454e+02 2.7446e+02 2.9904e+02 2.2506e+02 2.5899e+02 2.2864e+02 2.9685e+02 2.6524e+02
  46.0000 2.5309e+02 2.1720e+02 2.9149e+02 2.1783e+02 2.8938e+02 2.4635e+02 2.6563e+02 2.8938e+02 2.1783e+02 2.5062e+02 2.2134e+02 2.8724e+02 2.5676e+02
  46.2500 2.4499e+02 2.1025e+02 2.8211e+02 2.1087e+02 2.8007e+02 2.3847e+02 2.5713e+02 2.8007e+02 2.1087e+02 2.4257e+02 2.1431e+02 2.7797e+02 2.4859e+02
  46.5000 2.3719e+02 2.0355e+02 2.7308e+02 2.0415e+02 2.7111e+02 2.3087e+02 2.4893e+02 2.7111e+02 2.0415e+02 2.3481e+02 2.0752e+02 2.6905e+02 2.4072e+02
  46.7500 2.2966e+02 1.9710e+02 2.6438e+02 1.9768e+02 2.6246e+02 2.2354e+02 2.4103e+02 2.6246e+02 1.9768e+02 2.2732e+02 2.0098e+02 2.6045e+02 2.3312e+02
  47.0000 2.2241e+02 1.9088e+02 2.5598e+02 1.9144e+02 2.5413e+02 2.1648e+02 2.3341e+02 2.5413e+02 1.9144e+02 2.2011e+02 1.9468e+02 2.5216e+02 2.2580e+02
  47.2500 2.1541e+02 1.8488e+02 2.4789e+02 1.8542e+02 2.4610e+02 2.0967e+02 2.2606e+02 2.4610e+02 1.8542e+02 2.1316e+02 1.8859e+02 2.4417e+02 2.1874e+02
  47.5000 2.0867e+02 1.7909e+02 2.4009e+02 1.7962e+02 2.3835e+02 2.0311e+02 2.1898e+02 2.3835e+02 1.7962e+02 2.0645e+02 1.8273e+02 2.3647e+02 2.1192e+02
  47.7500 2.0216e+02 1.7351e+02 2.3257e+02 1.7402e+02 2.3089e+02 1.9678e+02 2.1215e+02 2.3089e+02 1.7402e+02 1.9999e+02 1.7707e+02 2.2904e+02 2.0535e+02
  48.0000 1.9589e+02 1.6813e+02 2.2532e+02 1.6862e+02 2.2369e+02 1.9067e+02 2.0556e+02 2.2369e+02 1.6862e+02 1.9375e+02 1.7161e+02 2.2188e+02 1.9901e+02
  48.2500 1.8983e+02 1.6294e+02 2.1833e+02 1.6341e+02 2.1674e+02 1.8478e+02 1.9921e+02 2.1674e+02 1.6341e+02 1.8774e+02 1.6634e+02 2.1497e+02 1.9290e+02
  48.5000 1.8399e+02 1.5793e+02 2.1158e+02 1.5839e+02 2.1004e+02 1.7909e+02 1.9307e+02 2.1004e+02 1.5839e+02 1.8194e+02 1.6125e+02 2.0831e+02 1.8699e+02
  48.7500 1.7835e+02 1.5309e+02 2.0507e+02 1.5354e+02 2.0357e+02 1.7361e+02 1.8715e+02 2.0357e+02 1.5354e+02 1.7634e+02 1.5634e+02 2.0188e+02 1.8129e+02
  49.0000 1.7291e+02 1.4842e+02 1.9878e+02 1.4885e+02 1.9734e+02 1.6831e+02 1.8144e+02 1.9734e+02 1.4885e+02 1.7093e+02 1.5160e+02 1.9568e+02 1.7579e+02
  49.2500 1.6766e+02 1.4391e+02 1.9272e+02 1.4434e+02 1.9131e+02 1.6321e+02 1.7593e+02 1.9131e+02 1.4434e+02 1.6572e+02 1.4702e+02 1.8969e+02 1.7047e+02
  49.5000 1.6258e+02 1.3956e+02 1.8686e+02 1.3997e+02 1.8550e+02 1.5827e+02 1.7060e+02 1.8550e+02 1.3997e+02 1.6068e+02 1.4260e+02 1.8392e+02 1.6534e+02
  49.7500 1.5769e+02 1.3536e+02 1.8121e+02 1.3575e+02 1.7989e+02 1.5351e+02 1.6546e+02 1.7989e+02 1.3575e+02 1.5582e+02 1.3833e+02 1.7834e+02 1.6039e+02
  50.0000 1.5295e+02 1.3130e+02 1.7575e+02 1.3168e+02 1.7447e+02 1.4891e+02 1.6049e+02 1.7447e+02 1.3168e+02 1.5113e+02 1.3421e+02 1.7295e+02 1.5560e+02
  50.2500 1.4838e+02 1.2738e+02 1.7048e+02 1.2775e+02 1.6923e+02 1.4446e+02 1.5570e+02 1.6923e+02 1.2775e+02 1.4659e+02 1.3022e+02 1.6775e+02 1.5097e+02
  50.5000 1.4397e+02 1.2359e+02 1.6539e+02 1.2395e+02 1.6418e+02 1.4017e+02 1.5106e+02 1.6418e+02 1.2395e+02 1.4222e+02 1.2637e+02 1.6273e+02 1.4650e+02
  50.7500 1.3970e+02 1.1993e+02 1.6047e+02 1.2028e+02 1.5929e+02 1.3602e+02 1.4659e+02 1.5929e+02 1.2028e+02 1.3798e+02 1.2265e+02 1.5788e+02 1.4218e+02
  51.0000 1.3558e+02 1.1640e+02 1.5571e+02 1.1673e+02 1.5457e+02 1.3201e+02 1.4226e+02 1.5457e+02 1.1673e+02 1.3390e+02 1.1905e+02 1.5319e+02 1.3801e+02
  51.2500 1.3160e+02 1.1298e+02 1.5112e+02 1.1330e+02 1.5001e+02 1.2813e+02 1.3808e+02 1.5001e+02 1.1330e+02 1.2994e+02 1.1557e+02 1.4866e+02 1.3397e+02
  51.5000 1.2774e+02 1.0967e+02 1.4668e+02 1.0999e+02 1.4560e+02 1.2439e+02 1.3403e+02 1.4560e+02 1.0999e+02 1.2612e+02 1.1221e+02 1.4428e+02 1.3007e+02
  51.7500 1.2402e+02 1.0648e+02 1.4238e+02 1.0678e+02 1.4134e+02 1.2077e+02 1.3012e+02 1.4134e+02 1.0678e+02 1.2243e+02 1.0895e+02 1.4004e+02 1.2630e+02
  52.0000 1.2042e+02 1.0339e+02 1.3823e+02 1.0368e+02 1.3722e+02 1.1726e+02 1.2634e+02 1.3722e+02 1.0368e+02 1.1886e+02 1.0581e+02 1.3595e+02 1.2265e+02
  52.2500 1.1694e+02 1.0040e+02 1.3422e+02 1.0068e+02 1.3323e+02 1.1388e+02 1.2269e+02 1.3323e+02 1.0068e+02 1.1541e+02 1.0276e+02 1.3200e+02 1.1912e+02
  52.5000 1.1357e+02 9.7507e+01 1.3034e+02 9.7783e+01 1.2938e+02 1.1060e+02 1.1915e+02 1.2938e+02 9.7783e+01 1.1207e+02 9.9821e+01 1.2817e+02 1.1570e+02
  52.7500 1.1031e+02 9.4710e+01 1.2658e+02 9.4978e+01 1.2565e+02 1.0743e+02 1.1573e+02 1.2565e+02 9.4978e+01 1.0884e+02 9.6972e+01 1.2447e+02 1.1240e+02
  53.0000 1.0716e+02 9.2005e+01 1.2295e+02 9.2264e+01 1.2205e+02 1.0437e+02 1.1242e+02 1.2205e+02 9.2264e+01 1.0572e+02 9.4216e+01 1.2089e+02 1.0920e+02
  53.2500 1.0411e+02 8.9387e+01 1.1944e+02 8.9638e+01 1.1856e+02 1.0140e+02 1.0922e+02 1.1856e+02 8.9638e+01 1.0270e+02 9.1548e+01 1.1743e+02 1.0611e+02
  53.5000 1.0115e+02 8.6853e+01 1.1604e+02 8.7096e+01 1.1518e+02 9.8528e+01 1.0612e+02 1.1518e+02 8.7096e+01 9.9773e+01 8.8966e+01 1.1408e+02 1.0311e+02
  53.7500 9.8295e+01 8.4401e+01 1.1275e+02 8.4636e+01 1.1192e+02 9.5749e+01 1.0312e+02 1.1192e+02 8.4636e+01 9.6943e+01 8.6467e+01 1.1084e+02 1.0021e+02
  54.0000 9.5529e+01 8.2026e+01 1.0956e+02 8.2254e+01 1.0876e+02 9.3058e+01 1.0022e+02 1.0876e+02 8.2254e+01 9.4203e+01 8.4046e+01 1.0770e+02 9.7404e+01
  54.2500 9.2851e+01 7.9728e+01 1.0648e+02 7.9949e+01 1.0569e+02 9.0453e+01 9.7408e+01 1.0569e+02 7.9949e+01 9.1550e+01 8.1703e+01 1.0466e+02 9.4686e+01
  54.5000 9.0258e+01 7.7502e+01 1.0349e+02 7.7716e+01 1.0273e+02 8.7930e+01 9.4686e+01 1.0273e+02 7.7716e+01 8.8982e+01 7.9433e+01 1.0172e+02 9.2053e+01
  54.7500 8.7747e+01 7.5346e+01 1.0060e+02 7.5554e+01 9.9861e+01 8.5487e+01 9.2050e+01 9.9861e+01 7.5554e+01 8.6496e+01 7.7235e+01 9.8873e+01 8.9504e+01
  55.0000 8.5314e+01 7.3259e+01 9.7802e+01 7.3460e+01 9.7081e+01 8.3120e+01 8.9496e+01 9.7081e+01 7.3460e+01 8.4087e+01 7.5105e+01 9.6115e+01 8.7034e+01
  55.2500 8.2958e+01 7.1236e+01 9.5090e+01 7.1431e+01 9.4389e+01 8.0827e+01 8.7023e+01 9.4389e+01 7.1431e+01 8.1754e+01 7.3042e+01 9.3444e+01 8.4641e+01
  55.5000 8.0676e+01 6.9277e+01 9.2463e+01 6.9466e+01 9.1781e+01 7.8606e+01 8.4626e+01 9.1781e+01 6.9466e+01 7.9494e+01 7.1043e+01 9.0856e+01 8.2323e+01
  55.7500 7.8464e+01 6.7378e+01 8.9917e+01 6.7562e+01 8.9254e+01 7.6453e+01 8.2304e+01 8.9254e+01 6.7562e+01 7.7305e+01 6.9106e+01 8.8350e+01 8.0077e+01
  56.0000 7.6321e+01 6.5538e+01 8.7450e+01 6.5717e+01 8.6805e+01 7.4367e+01 8.0054e+01 8.6805e+01 6.5717e+01 7.5183e+01 6.7228e+01 8.5921e+01 7.7900e+01
  56.2500 7.4244e+01 6.3755e+01 8.5059e+01 6.3928e+01 8.4433e+01 7.2344e+01 7.7873e+01 8.4433e+01 6.3928e+01 7.3127e+01 6.5408e+01 8.3567e+01 7.5789e+01
  56.5000 7.2231e+01 6.2026e+01 8.2742e+01 6.2195e+01 8.2133e+01 7.0384e+01 7.5758e+01 8.2133e+01 6.2195e+01 7.1134e+01 6.3644e+01 8.1286e+01 7.3743e+01
  56.7500 7.0279e+01 6.0351e+01 8.0496e+01 6.0514e+01 7.9903e+01 6.8483e+01 7.3709e+01 7.9903e+01 6.0514e+01 6.9202e+01 6.1933e+01 7.9074e+01 7.1760e+01
  57.0000 6.8387e+01 5.8726e+01 7.8318e+01 5.8885e+01 7.7741e+01 6.6640e+01 7.1721e+01 7.7741e+01 5.8885e+01 6.7329e+01 6.0274e+01 7.6931e+01 6.9837e+01
  57.2500 6.6552e+01 5.7151e+01 7.6207e+01 5.7305e+01 7.5646e+01 6.4853e+01 6.9794e+01 7.5646e+01 5.7305e+01 6.5513e+01 5.8666e+01 7.4852e+01 6.7972e+01
  57.5000 6.4773e+01 5.5623e+01 7.4159e+01 5.5774e+01 7.3614e+01 6.3120e+01 6.7926e+01 7.3614e+01 5.5774e+01 6.3752e+01 5.7106e+01 7.2838e+01 6.6163e+01
  57.7500 6.3049e+01 5.4142e+01 7.2174e+01 5.4288e+01 7.1644e+01 6.1439e+01 6.6114e+01 7.1644e+01 5.4288e+01 6.2045e+01 5.5593e+01 7.0884e+01 6.4409e+01
  58.0000 6.1376e+01 5.2705e+01 7.0249e+01 5.2848e+01 6.9734e+01 5.9808e+01 6.4357e+01 6.9734e+01 5.2848e+01 6.0389e+01 5.4126e+01 6.8990e+01 6.2708e+01
  58.2500 5.9753e+01 5.1312e+01 6.8383e+01 5.1451e+01 6.7881e+01 5.8227e+01 6.2653e+01 6.7881e+01 5.1451e+01 5.8784e+01 5.2702e+01 6.7153e+01 6.1058e+01
  58.5000 5.8180e+01 4.9960e+01 6.6572e+01 5.0096e+01 6.6084e+01 5.6692e+01 6.0999e+01 6.6084e+01 5.0096e+01 5.7227e+01 5.1321e+01 6.5371e+01 5.9457e+01
  58.7500 5.6653e+01 4.8649e+01 6.4815e+01 4.8781e+01 6.4341e+01 5.5203e+01 5.9395e+01 6.4341e+01 4.8781e+01 5.5716e+01 4.9981e+01 6.3643e+01 5.7904e+01
  59.0000 5.5171e+01 4.7376e+01 6.3111e+01 4.7505e+01 6.2649e+01 5.3759e+01 5.7839e+01 6.2649e+01 4.7505e+01 5.4250e+01 4.8681e+01 6.1967e+01 5.6397e+01
  59.2500 5.3734e+01 4.6142e+01 6.1457e+01 4.6268e+01 6.1008e+01 5.2357e+01 5.6328e+01 6.1008e+01 4.6268e+01 5.2828e+01 4.7419e+01 6.0340e+01 5.4934e+01
  59.5000 5.2339e+01 4.4943e+01 5.9852e+01 4.5066e+01 5.9416e+01 5.0996e+01 5.4862e+01 5.9416e+01 4.5066e+01 5.1448e+01 4.6194e+01 5.8762e+01 5.3514e+01
  59.7500 5.0985e+01 4.3780e+01 5.8295e+01 4.3900e+01 5.7870e+01 4.9675e+01 5.3440e+01 5.7870e+01 4.3900e+01 5.0109e+01 4.5005e+01 5.7230e+01 5.2135e+01
  60.0000 4.9670e+01 4.2651e+01 5.6783e+01 4.2769e+01 5.6370e+01 4.8392e+01 5.2059e+01 5.6370e+01 4.2769e+01 4.8809e+01 4.3850e+01 5.5744e+01 5.0797e+01
  60.2500 4.8395e+01 4.1555e+01 5.5316e+01 4.1670e+01 5.4914e+01 4.7148e+01 5.0718e+01 5.4914e+01 4.1670e+01 4.7547e+01 4.2729e+01 5.4301e+01 4.9498e+01
  60.5000 4.7156e+01 4.0491e+01 5.3891e+01 4.0603e+01 5.3501e+01 4.5939e+01 4.9416e+01 5.3501e+01 4.0603e+01 4.6322e+01 4.1641e+01 5.2900e+01 4.8236e+01
  60.7500 4.5953e+01 3.9457e+01 5.2508e+01 3.9567e+01 5.2128e+01 4.4765e+01 4.8152e+01 5.2128e+01 3.9567e+01 4.5133e+01 4.0584e+01 5.1540e+01 4.7011e+01
  61.0000 4.4785e+01 3.8454e+01 5.1165e+01 3.8561e+01 5.0795e+01 4.3624e+01 4.6924e+01 5.0795e+01 3.8561e+01 4.3978e+01 3.9557e+01 5.0220e+01 4.5821e+01
  61.2500 4.3650e+01 3.7479e+01 4.9861e+01 3.7584e+01 4.9501e+01 4.2517e+01 4.5732e+01 4.9501e+01 3.7584e+01 4.2856e+01 3.8559e+01 4.8938e+01 4.4665e+01
  61.5000 4.2548e+01 3.6532e+01 4.8594e+01 3.6635e+01 4.8244e+01 4.1441e+01 4.4574e+01 4.8244e+01 3.6635e+01 4.1767e+01 3.7590e+01 4.7692e+01 4.3542e+01
  61.7500 4.1477e+01 3.5612e+01 4.7363e+01 3.5713e+01 4.7023e+01 4.0396e+01 4.3449e+01 4.7023e+01 3.5713e+01 4.0709e+01 3.6649e+01 4.6483e+01 4.2451e+01
  62.0000 4.0437e+01 3.4718e+01 4.6168e+01 3.4817e+01 4.5837e+01 3.9381e+01 4.2356e+01 4.5837e+01 3.4817e+01 3.9681e+01 3.5734e+01 4.5308e+01 4.1391e+01
  62.2500 3.9427e+01 3.3850e+01 4.5007e+01 3.3947e+01 4.4685e+01 3.8394e+01 4.1294e+01 4.4685e+01 3.3947e+01 3.8682e+01 3.4845e+01 4.4167e+01 4.0361e+01
  62.5000 3.8444e+01 3.3006e+01 4.3878e+01 3.3101e+01 4.3565e+01 3.7435e+01 4.0262e+01 4.3565e+01 3.3101e+01 3.7712e+01 3.3981e+01 4.3058e+01 3.9360e+01
  62.7500 3.7490e+01 3.2186e+01 4.2782e+01 3.2279e+01 4.2477e+01 3.6504e+01 3.9260e+01 4.2477e+01 3.2279e+01 3.6770e+01 3.3142e+01 4.1980e+01 3.8387e+01
  63.0000 3.6562e+01 3.1389e+01 4.1717e+01 3.1480e+01 4.1420e+01 3.5598e+01 3.8285e+01 4.1420e+01 3.1480e+01 3.5853e+01 3.2325e+01 4.0934e+01 3.7441e+01
  63.2500 3.5661e+01 3.0614e+01 4.0681e+01 3.0703e+01 4.0393e+01 3.4717e+01 3.7337e+01 4.0393e+01 3.0703e+01 3.4963e+01 3.1532e+01 3.9916e+01 3.6521e+01
  63.5000 3.4784e+01 2.9861e+01 3.9674e+01 2.9948e+01 3.9394e+01 3.3861e+01 3.6416e+01 3.9394e+01 2.9948e+01 3.4097e+01 3.0760e+01 3.8927e+01 3.5627e+01
  63.7500 3.3932e+01 2.9129e+01 3.8696e+01 2.9214e+01 3.8423e+01 3.3029e+01 3.5521e+01 3.8423e+01 2.9214e+01 3.3256e+01 3.0009e+01 3.7965e+01 3.4758e+01
  64.0000 3.3103e+01 2.8417e+01 3.7744e+01 2.8500e+01 3.7479e+01 3.2220e+01 3.4651e+01 3.7479e+01 2.8500e+01 3.2438e+01 2.9280e+01 3.7031e+01 3.3912e+01
  64.2500 3.2297e+01 2.7724e+01 3.6819e+01 2.7806e+01 3.6561e+01 3.1433e+01 3.3804e+01 3.6561e+01 2.7806e+01 3.1642e+01 2.8570e+01 3.6122e+01 3.3090e+01
  64.5000 3.1513e+01 2.7050e+01 3.5920e+01 2.7131e+01 3.5668e+01 3.0668e+01 3.2981e+01 3.5668e+01 2.7131e+01 3.0869e+01 2.7880e+01 3.5238e+01 3.2290e+01
  64.7500 3.0750e+01 2.6395e+01 3.5045e+01 2.6474e+01 3.4800e+01 2.9924e+01 3.2180e+01 3.4800e+01 2.6474e+01 3.0117e+01 2.7208e+01 3.4379e+01 3.1512e+01
  65.0000 3.0009e+01 2.5758e+01 3.4194e+01 2.5836e+01 3.3956e+01 2.9200e+01 3.1401e+01 3.3956e+01 2.5836e+01 2.9385e+01 2.6555e+01 3.3543e+01 3.0755e+01
  65.2500 2.9287e+01 2.5138e+01 3.3367e+01 2.5214e+01 3.3135e+01 2.8495e+01 3.0643e+01 3.3135e+01 2.5214e+01 2.8674e+01 2.5919e+01 3.2730e+01 3.0019e+01
  65.5000 2.8585e+01 2.4535e+01 3.2562e+01 2.4610e+01 3.2336e+01 2.7810e+01 2.9906e+01 3.2336e+01 2.4610e+01 2.7981e+01 2.5300e+01 3.1940e+01 2.9302e+01
  65.7500 2.7902e+01 2.3948e+01 3.1779e+01 2.4021e+01 3.1559e+01 2.7143e+01 2.9189e+01 3.1559e+01 2.4021e+01 2.7308e+01 2.4698e+01 3.1170e+01 2.8605e+01
  66.0000 2.7237e+01 2.3377e+01 3.1017e+01 2.3449e+01 3.0802e+01 2.6494e+01 2.8491e+01 3.0802e+01 2.3449e+01 2.6653e+01 2.4113e+01 3.0422e+01 2.7926e+01
  66.2500 2.6590e+01 2.2821e+01 3.0275e+01 2.2892e+01 3.0067e+01 2.5863e+01 2.7812e+01 3.0067e+01 2.2892e+01 2.6015e+01 2.3542e+01 2.9694e+01 2.7265e+01
  66.5000 2.5960e+01 2.2280e+01 2.9554e+01 2.2349e+01 2.9351e+01 2.5249e+01 2.7151e+01 2.9351e+01 2.2349e+01 2.5395e+01 2.2987e+01 2.8985e+01 2.6622e+01
  66.7500 2.5348e+01 2.1753e+01 2.8851e+01 2.1821e+01 2.8654e+01 2.4651e+01 2.6508e+01 2.8654e+01 2.1821e+01 2.4791e+01 2.2447e+01 2.8295e+01 2.5996e+01
  67.0000 2.4751e+01 2.1240e+01 2.8168e+01 2.1307e+01 2.7975e+01 2.4068e+01 2.5882e+01 2.7975e+01 2.1307e+01 2.4203e+01 2.1920e+01 2.7624e+01 2.5386e+01
  67.2500 2.4170e+01 2.0741e+01 2.7502e+01 2.0807e+01 2.7315e+01 2.3501e+01 2.5272e+01 2.7315e+01 2.0807e+01 2.3631e+01 2.1408e+01 2.6971e+01 2.4793e+01
  67.5000 2.3604e+01 2.0255e+01 2.6855e+01 2.0320e+01 2.6672e+01 2.2950e+01 2.4678e+01 2.6672e+01 2.0320e+01 2.3074e+01 2.0909e+01 2.6334e+01 2.4215e+01
  67.7500 2.3053e+01 1.9782e+01 2.6224e+01 1.9845e+01 2.6046e+01 2.2412e+01 2.4101e+01 2.6046e+01 1.9845e+01 2.2531e+01 2.0423e+01 2.5715e+01 2.3652e+01
  68.0000 2.2516e+01 1.9321e+01 2.5610e+01 1.9383e+01 2.5436e+01 2.1889e+01 2.3538e+01 2.5436e+01 1.9383e+01 2.2003e+01 1.9950e+01 2.5112e+01 2.3103e+01
  68.2500 2.1993e+01 1.8872e+01 2.5012e+01 1.8933e+01 2.4843e+01 2.1379e+01 2.2990e+01 2.4843e+01 1.8933e+01 2.1489e+01 1.9488e+01 2.4525e+01 2.2569e+01
  68.5000 2.1484e+01 1.8434e+01 2.4430e+01 1.8494e+01 2.4265e+01 2.0883e+01 2.2456e+01 2.4265e+01 1.8494e+01 2.0988e+01 1.9039e+01 2.3953e+01 2.2049e+01
  68.7500 2.0988e+01 1.8008e+01 2.3863e+01 1.8067e+01 2.3702e+01 2.0399e+01 2.1936e+01 2.3702e+01 1.8067e+01 2.0500e+01 1.8601e+01 2.3396e+01 2.1542e+01
  69.0000 2.0505e+01 1.7593e+01 2.3310e+01 1.7651e+01 2.3153e+01 1.9929e+01 2.1430e+01 2.3153e+01 1.7651e+01 2.0025e+01 1.8175e+01 2.2853e+01 2.1048e+01
  69.2500 2.0034e+01 1.7189e+01 2.2772e+01 1.7245e+01 2.2619e+01 1.9470e+01 2.0936e+01 2.2619e+01 1.7245e+01 1.9562e+01 1.7759e+01 2.2325e+01 2.0567e+01
  69.5000 1.9575e+01 1.6795e+01 2.2248e+01 1.6850e+01 2.2099e+01 1.9023e+01 2.0456e+01 2.2099e+01 1.6850e+01 1.9112e+01 1.7354e+01 2.1810e+01 2.0098e+01
  69.7500 1.9128e+01 1.6411e+01 2.1737e+01 1.6465e+01 2.1591e+01 1.8587e+01 1.9987e+01 2.1591e+01 1.6465e+01 1.8672e+01 1.6960e+01 2.1308e+01 1.9640e+01
  70.0000 1.8692e+01 1.6036e+01 2.1240e+01 1.6090e+01 2.1098e+01 1.8163e+01 1.9531e+01 2.1098e+01 1.6090e+01 1.8244e+01 1.6575e+01 2.0820e+01 1.9195e+01
  70.2500 1.8267e+01 1.5672e+01 2.0755e+01 1.5724e+01 2.0616e+01 1.7750e+01 1.9086e+01 2.0616e+01 1.5724e+01 1.7828e+01 1.6200e+01 2.0344e+01 1.8761e+01
  70.5000 1.7853e+01 1.5316e+01 2.0283e+01 1.5367e+01 2.0147e+01 1.7347e+01 1.8653e+01 2.0147e+01 1.5367e+01 1.7422e+01 1.5834e+01 1.9880e+01 1.8337e+01
  70.7500 1.7450e+01 1.4970e+01 1.9823e+01 1.5020e+01 1.9691e+01 1.6954e+01 1.8231e+01 1.9691e+01 1.5020e+01 1.7026e+01 1.5478e+01 1.9428e+01 1.7924e+01
  71.0000 1.7057e+01 1.4632e+01 1.9374e+01 1.4681e+01 1.9245e+01 1.6572e+01 1.7820e+01 1.9245e+01 1.4681e+01 1.6640e+01 1.5131e+01 1.8988e+01 1.7522e+01
  71.2500 1.6673e+01 1.4303e+01 1.8938e+01 1.4351e+01 1.8811e+01 1.6199e+01 1.7419e+01 1.8811e+01 1.4351e+01 1.6264e+01 1.4792e+01 1.8559e+01 1.7130e+01
  71.5000 1.6299e+01 1.3982e+01 1.8512e+01 1.4029e+01 1.8388e+01 1.5835e+01 1.7028e+01 1.8388e+01 1.4029e+01 1.5898e+01 1.4462e+01 1.8141e+01 1.6747e+01
  71.7500 1.5935e+01 1.3669e+01 1.8097e+01 1.3715e+01 1.7976e+01 1.5481e+01 1.6647e+01 1.7976e+01 1.3715e+01 1.5541e+01 1.4140e+01 1.7733e+01 1.6375e+01
  72.0000 1.5580e+01 1.3364e+01 1.7692e+01 1.3409e+01 1.7574e+01 1.5136e+01 1.6276e+01 1.7574e+01 1.3409e+01 1.5193e+01 1.3826e+01 1.7336e+01 1.6011e+01
  72.2500 1.5233e+01 1.3067e+01 1.7298e+01 1.3111e+01 1.7183e+01 1.4799e+01 1.5913e+01 1.7183e+01 1.3111e+01 1.4853e+01 1.3519e+01 1.6949e+01 1.5656e+01
  72.5000 1.4895e+01 1.2777e+01 1.6913e+01 1.2820e+01 1.6801e+01 1.4471e+01 1.5560e+01 1.6801e+01 1.2820e+01 1.4523e+01 1.3221e+01 1.6571e+01 1.5310e+01
  72.7500 1.4566e+01 1.2494e+01 1.6539e+01 1.2536e+01 1.6428e+01 1.4151e+01 1.5216e+01 1.6428e+01 1.2536e+01 1.4200e+01 1.2929e+01 1.6203e+01 1.4973e+01
  73.0000 1.4244e+01 1.2218e+01 1.6173e+01 1.2259e+01 1.6065e+01 1.3839e+01 1.4880e+01 1.6065e+01 1.2259e+01 1.3886e+01 1.2645e+01 1.5844e+01 1.4644e+01
  73.2500 1.3930e+01 1.1949e+01 1.5817e+01 1.1989e+01 1.5711e+01 1.3534e+01 1.4553e+01 1.5711e+01 1.1989e+01 1.3579e+01 1.2368e+01 1.5494e+01 1.4322e+01
  73.5000 1.3624e+01 1.1687e+01 1.5469e+01 1.1726e+01 1.5366e+01 1.3237e+01 1.4234e+01 1.5366e+01 1.1726e+01 1.3280e+01 1.2097e+01 1.5153e+01 1.4009e+01
  73.7500 1.3326e+01 1.1430e+01 1.5130e+01 1.1469e+01 1.5029e+01 1.2948e+01 1.3922e+01 1.5029e+01 1.1469e+01 1.2988e+01 1.1833e+01 1.4820e+01 1.3704e+01
  74.0000 1.3035e+01 1.1181e+01 1.4800e+01 1.1218e+01 1.4700e+01 1.2665e+01 1.3619e+01 1.4700e+01 1.1218e+01 1.2704e+01 1.1576e+01 1.4495e+01 1.3405e+01
  74.2500 1.2751e+01 1.0937e+01 1.4477e+01 1.0973e+01 1.4380e+01 1.2390e+01 1.3322e+01 1.4380e+01 1.0973e+01 1.2426e+01 1.1325e+01 1.4179e+01 1.3115e+01
  74.5000 1.2474e+01 1.0699e+01 1.4163e+01 1.0735e+01 1.4067e+01 1.2121e+01 1.3033e+01 1.4067e+01 1.0735e+01 1.2155e+01 1.1079e+01 1.3870e+01 1.2831e+01
  74.7500 1.2203e+01 1.0467e+01 1.3856e+01 1.0502e+01 1.3762e+01 1.1859e+01 1.2751e+01 1.3762e+01 1.0502e+01 1.1891e+01 1.0840e+01 1.3569e+01 1.2554e+01
  75.0000 1.1940e+01 1.0241e+01 1.3556e+01 1.0274e+01 1.3465e+01 1.1603e+01 1.2476e+01 1.3465e+01 1.0274e+01 1.1634e+01 1.0607e+01 1.3274e+01 1.2283e+01
  75.2500 1.1682e+01 1.0020e+01 1.3264e+01 1.0053e+01 1.3174e+01 1.1353e+01 1.2207e+01 1.3174e+01 1.0053e+01 1.1382e+01 1.0379e+01 1.2988e+01 1.2019e+01
  75.5000 1.1431e+01 9.8041e+00 1.2979e+01 9.8362e+00 1.2891e+01 1.1109e+01 1.1945e+01 1.2891e+01 9.8362e+00 1.1137e+01 1.0156e+01 1.2708e+01 1.1762e+01
  75.7500 1.1185e+01 9.5936e+00 1.2701e+01 9.6249e+00 1.2615e+01 1.0871e+01 1.1690e+01 1.2615e+01 9.6249e+00 1.0898e+01 9.9389e+00 1.2435e+01 1.1510e+01
  76.0000 1.0946e+01 9.3882e+00 1.2430e+01 9.4186e+00 1.2345e+01 1.0639e+01 1.1440e+01 1.2345e+01 9.4186e+00 1.0664e+01 9.7269e+00 1.2168e+01 1.1265e+01
  76.2500 1.0712e+01 9.1876e+00 1.2165e+01 9.2173e+00 1.2082e+01 1.0413e+01 1.1196e+01 1.2082e+01 9.2173e+00 1.0436e+01 9.5199e+00 1.1908e+01 1.1025e+01
  76.5000 1.0484e+01 8.9919e+00 1.1906e+01 9.0208e+00 1.1825e+01 1.0192e+01 1.0959e+01 1.1825e+01 9.0208e+00 1.0214e+01 9.3178e+00 1.1654e+01 1.0791e+01
  76.7500 1.0261e+01 8.8008e+00 1.1654e+01 8.8289e+00 1.1574e+01 9.9757e+00 1.0726e+01 1.1574e+01 8.8289e+00 9.9965e+00 9.1205e+00 1.1406e+01 1.0562e+01
  77.0000 1.0043e+01 8.6142e+00 1.1407e+01 8.6416e+00 1.1329e+01 9.7649e+00 1.0500e+01 1.1329e+01 8.6416e+00 9.7844e+00 8.9278e+00 1.1165e+01 1.0339e+01
  77.2500 9.8310e+00 8.4320e+00 1.1167e+01 8.4587e+00 1.1090e+01 9.5592e+00 1.0278e+01 1.1090e+01 8.4587e+00 9.5774e+00 8.7396e+00 1.0928e+01 1.0121e+01
  77.5000 9.6236e+00 8.2541e+00 1.0932e+01 8.2800e+00 1.0856e+01 9.3582e+00 1.0062e+01 1.0856e+01 8.2800e+00 9.3753e+00 8.5559e+00 1.0698e+01 9.9088e+00
  77.7500 9.4210e+00 8.0804e+00 1.0703e+01 8.1056e+00 1.0628e+01 9.1621e+00 9.8515e+00 1.0628e+01 8.1056e+00 9.1780e+00 8.3764e+00 1.0473e+01 9.7010e+00
  78.0000 9.2232e+00 7.9107e+00 1.0479e+01 7.9353e+00 1.0406e+01 8.9705e+00 9.6455e+00 1.0406e+01 7.9353e+00 8.9853e+00 8.2012e+00 1.0253e+01 9.4981e+00
  78.2500 9.0300e+00 7.7450e+00 1.0260e+01 7.7689e+00 1.0188e+01 8.7834e+00 9.4443e+00 1.0188e+01 7.7689e+00 8.7972e+00 8.0300e+00 1.0038e+01 9.2999e+00
  78.5000 8.8414e+00 7.5832e+00 1.0047e+01 7.6064e+00 9.9759e+00 8.6006e+00 9.2478e+00 9.9759e+00 7.6064e+00 8.6135e+00 7.8628e+00 9.8286e+00 9.1063e+00
  78.7500 8.6570e+00 7.4251e+00 9.8380e+00 7.4477e+00 9.7686e+00 8.4221e+00 9.0559e+00 9.7686e+00 7.4477e+00 8.4340e+00 7.6994e+00 9.6239e+00 8.9172e+00
  79.0000 8.4770e+00 7.2707e+00 9.6343e+00 7.2927e+00 9.5661e+00 8.2478e+00 8.8684e+00 9.5661e+00 7.2927e+00 8.2587e+00 7.5398e+00 9.4240e+00 8.7324e+00
  79.2500 8.3011e+00 7.1199e+00 9.4353e+00 7.1412e+00 9.3683e+00 8.0775e+00 8.6853e+00 9.3683e+00 7.1412e+00 8.0875e+00 7.3839e+00 9.2287e+00 8.5519e+00
  79.5000 8.1293e+00 6.9725e+00 9.2410e+00 6.9933e+00 9.1751e+00 7.9111e+00 8.5064e+00 9.1751e+00 6.9933e+00 7.9203e+00 7.2316e+00 9.0379e+00 8.3755e+00
  79.7500 7.9614e+00 6.8286e+00 9.0511e+00 6.8487e+00 8.9863e+00 7.7486e+00 8.3316e+00 8.9863e+00 6.8487e+00 7.7569e+00 7.0827e+00 8.8516e+00 8.2032e+00
  80.0000 7.7974e+00 6.6879e+00 8.8655e+00 6.7075e+00 8.8018e+00 7.5898e+00 8.1608e+00 8.8018e+00 6.7075e+00 7.5973e+00 6.9373e+00 8.6695e+00 8.0348e+00
  80.2500 7.6371e+00 6.5505e+00 8.6843e+00 6.5695e+00 8.6216e+00 7.4346e+00 7.9939e+00 8.6216e+00 6.5695e+00 7.4414e+00 6.7952e+00 8.4916e+00 7.8703e+00
  80.5000 7.4805e+00 6.4161e+00 8.5072e+00 6.4347e+00 8.4455e+00 7.2829e+00 7.8309e+00 8.4455e+00 6.4347e+00 7.2890e+00 6.6563e+00 8.3178e+00 7.7095e+00
  80.7500 7.3275e+00 6.2849e+00 8.3341e+00 6.3029e+00 8.2734e+00 7.1347e+00 7.6715e+00 8.2734e+00 6.3029e+00 7.1401e+00 6.5206e+00 8.1480e+00 7.5523e+00
  81.0000 7.1779e+00 6.1566e+00 8.1649e+00 6.1741e+00 8.1053e+00 6.9899e+00 7.5158e+00 8.1053e+00 6.1741e+00 6.9946e+00 6.3879e+00 7.9820e+00 7.3987e+00
  81.2500 7.0317e+00 6.0313e+00 7.9996e+00 6.0482e+00 7.9409e+00 6.8483e+00 7.3636e+00 7.9409e+00 6.0482e+00 6.8524e+00 6.2582e+00 7.8198e+00 7.2486e+00
  81.5000 6.8888e+00 5.9087e+00 7.8380e+00 5.9252e+00 7.7803e+00 6.7100e+00 7.2148e+00 7.7803e+00 5.9252e+00 6.7134e+00 6.1315e+00 7.6613e+00 7.1018e+00
  81.7500 6.7492e+00 5.7890e+00 7.6801e+00 5.8049e+00 7.6233e+00 6.5747e+00 7.0694e+00 7.6233e+00 5.8049e+00 6.5775e+00 6.0076e+00 7.5063e+00 6.9584e+00
  82.0000 6.6127e+00 5.6719e+00 7.5257e+00 5.6874e+00 7.4698e+00 6.4425e+00 6.9272e+00 7.4698e+00 5.6874e+00 6.4448e+00 5.8864e+00 7.3549e+00 6.8182e+00
  82.2500 6.4792e+00 5.5574e+00 7.3748e+00 5.5725e+00 7.3197e+00 6.3132e+00 6.7883e+00 7.3197e+00 5.5725e+00 6.3150e+00 5.7680e+00 7.2068e+00 6.6811e+00
  82.5000 6.3487e+00 5.4456e+00 7.2272e+00 5.4602e+00 7.1730e+00 6.1869e+00 6.6524e+00 7.1730e+00 5.4602e+00 6.1881e+00 5.6522e+00 7.0621e+00 6.5470e+00
  82.7500 6.2212e+00 5.3362e+00 7.0829e+00 5.3504e+00 7.0296e+00 6.0633e+00 6.5195e+00 7.0296e+00 5.3504e+00 6.0640e+00 5.5390e+00 6.9206e+00 6.4159e+00
  83.0000 6.0964e+00 5.2292e+00 6.9419e+00 5.2430e+00 6.8894e+00 5.9425e+00 6.3896e+00 6.8894e+00 5.2430e+00 5.9427e+00 5.4284e+00 6.7822e+00 6.2878e+00
  83.2500 5.9745e+00 5.1246e+00 6.8039e+00 5.1380e+00 6.7523e+00 5.8243e+00 6.2626e+00 6.7523e+00 5.1380e+00 5.8241e+00 5.3201e+00 6.6469e+00 6.1625e+00
  83.5000 5.8553e+00 5.0224e+00 6.6690e+00 5.0354e+00 6.6182e+00 5.7088e+00 6.1384e+00 6.6182e+00 5.0354e+00 5.7081e+00 5.2143e+00 6.5146e+00 6.0399e+00
  83.7500 5.7386e+00 4.9224e+00 6.5371e+00 4.9350e+00 6.4870e+00 5.5958e+00 6.0169e+00 6.4870e+00 4.9350e+00 5.5947e+00 5.1108e+00 6.3852e+00 5.9201e+00
  84.0000 5.6246e+00 4.8246e+00 6.4080e+00 4.8368e+00 6.3588e+00 5.4852e+00 5.8981e+00 6.3588e+00 4.8368e+00 5.4838e+00 5.0095e+00 6.2587e+00 5.8029e+00
  84.2500 5.5131e+00 4.7289e+00 6.2818e+00 4.7408e+00 6.2333e+00 5.3771e+00 5.7819e+00 6.2333e+00 4.7408e+00 5.3753e+00 4.9105e+00 6.1349e+00 5.6882e+00
  84.5000 5.4040e+00 4.6354e+00 6.1584e+00 4.6469e+00 6.1106e+00 5.2714e+00 5.6682e+00 6.1106e+00 4.6469e+00 5.2692e+00 4.8137e+00 6.0139e+00 5.5761e+00
  84.7500 5.2973e+00 4.5439e+00 6.0376e+00 4.5551e+00 5.9906e+00 5.1680e+00 5.5570e+00 5.9906e+00 4.5551e+00 5.1654e+00 4.7190e+00 5.8955e+00 5.4665e+00
  85.0000 5.1931e+00 4.4544e+00 5.9195e+00 4.4653e+00 5.8732e+00 5.0668e+00 5.4482e+00 5.8732e+00 4.4653e+00 5.0639e+00 4.6264e+00 5.7797e+00 5.3593e+00
  85.2500 5.0911e+00 4.3670e+00 5.8040e+00 4.3776e+00 5.7584e+00 4.9679e+00 5.3418e+00 5.7584e+00 4.3776e+00 4.9646e+00 4.5358e+00 5.6665e+00 5.2544e+00
  85.5000 4.9914e+00 4.2814e+00 5.6910e+00 4.2917e+00 5.6461e+00 4.8711e+00 5.2378e+00 5.6461e+00 4.2917e+00 4.8675e+00 4.4473e+00 5.5557e+00 5.1519e+00
  85.7500 4.8939e+00 4.1978e+00 5.5804e+00 4.2078e+00 5.5363e+00 4.7764e+00 5.1360e+00 5.5363e+00 4.2078e+00 4.7726e+00 4.3606e+00 5.4474e+00 5.0516e+00
  86.0000 4.7985e+00 4.1160e+00 5.4722e+00 4.1257e+00 5.4288e+00 4.6837e+00 5.0364e+00 5.4288e+00 4.1257e+00 4.6796e+00 4.2759e+00 5.3414e+00 4.9535e+00
  86.2500 4.7052e+00 4.0360e+00 5.3664e+00 4.0454e+00 5.3237e+00 4.5931e+00 4.9390e+00 5.3237e+00 4.0454e+00 4.5888e+00 4.1931e+00 5.2378e+00 4.8576e+00
  86.5000 4.6140e+00 3.9577e+00 5.2628e+00 3.9669e+00 5.2208e+00 4.5044e+00 4.8437e+00 5.2208e+00 3.9669e+00 4.4998e+00 4.1120e+00 5.1363e+00 4.7637e+00
  86.7500 4.5247e+00 3.8811e+00 5.1615e+00 3.8901e+00 5.1202e+00 4.4177e+00 4.7504e+00 5.1202e+00 3.8901e+00 4.4128e+00 4.0327e+00 5.0371e+00 4.6719e+00
  87.0000 4.4374e+00 3.8062e+00 5.0624e+00 3.8149e+00 5.0217e+00 4.3328e+00 4.6591e+00 5.0217e+00 3.8149e+00 4.3277e+00 3.9552e+00 4.9400e+00 4.5821e+00
  87.2500 4.3520e+00 3.7329e+00 4.9653e+00 3.7414e+00 4.9254e+00 4.2497e+00 4.5698e+00 4.9254e+00 3.7414e+00 4.2444e+00 3.8793e+00 4.8450e+00 4.4942e+00
  87.5000 4.2684e+00 3.6612e+00 4.8704e+00 3.6695e+00 4.8311e+00 4.1684e+00 4.4824e+00 4.8311e+00 3.6695e+00 4.1629e+00 3.8050e+00 4.7520e+00 4.4083e+00
  87.7500 4.1867e+00 3.5910e+00 4.7774e+00 3.5991e+00 4.7388e+00 4.0888e+00 4.3968e+00 4.7388e+00 3.5991e+00 4.0832e+00 3.7324e+00 4.6611e+00 4.3241e+00
  88.0000 4.1067e+00 3.5224e+00 4.6865e+00 3.5303e+00 4.6485e+00 4.0110e+00 4.3131e+00 4.6485e+00 3.5303e+00 4.0051e+00 3.6613e+00 4.5720e+00 4.2418e+00
  88.2500 4.0284e+00 3.4552e+00 4.5975e+00 3.4629e+00 4.5601e+00 3.9347e+00 4.2312e+00 4.5601e+00 3.4629e+00 3.9287e+00 3.5917e+00 4.4849e+00 4.1613e+00
  88.5000 3.9518e+00 3.3895e+00 4.5103e+00 3.3970e+00 4.4736e+00 3.8601e+00 4.1510e+00 4.4736e+00 3.3970e+00 3.8540e+00 3.5236e+00 4.3996e+00 4.0824e+00
  88.7500 3.8769e+00 3.3252e+00 4.4250e+00 3.3325e+00 4.3889e+00 3.7871e+00 4.0725e+00 4.3889e+00 3.3325e+00 3.7808e+00 3.4570e+00 4.3162e+00 4.0053e+00
  89.0000 3.8035e+00 3.2622e+00 4.3415e+00 3.2694e+00 4.3060e+00 3.7156e+00 3.9956e+00 4.3060e+00 3.2694e+00 3.7092e+00 3.3918e+00 4.2345e+00 3.9298e+00
  89.2500 3.7317e+00 3.2006e+00 4.2598e+00 3.2076e+00 4.2249e+00 3.6457e+00 3.9204e+00 4.2249e+00 3.2076e+00 3.6391e+00 3.3280e+00 4.1545e+00 3.8559e+00
  89.5000 3.6615e+00 3.1403e+00 4.1797e+00 3.1471e+00 4.1455e+00 3.5772e+00 3.8467e+00 4.1455e+00 3.1471e+00 3.5705e+00 3.2655e+00 4.0762e+00 3.7835e+00
  89.7500 3.5927e+00 3.0812e+00 4.1014e+00 3.0880e+00 4.0677e+00 3.5101e+00 3.7746e+00 4.0677e+00 3.0880e+00 3.5033e+00 3.2044e+00 3.9996e+00 3.7127e+00
  90.0000 3.5253e+00 3.0235e+00 4.0246e+00 3.0300e+00 3.9916e+00 3.4444e+00 3.7040e+00 3.9916e+00 3.0300e+00 3.4375e+00 3.1445e+00 3.9245e+00 3.6434e+00
  90.2500 3.4594e+00 2.9669e+00 3.9495e+00 2.9733e+00 3.9170e+00 3.3801e+00 3.6349e+00 3.9170e+00 2.9733e+00 3.3731e+00 3.0859e+00 3.8511e+00 3.5755e+00
  90.5000 3.3949e+00 2.9115e+00 3.8759e+00 2.9178e+00 3.8440e+00 3.3172e+00 3.5672e+00 3.8440e+00 2.9178e+00 3.3100e+00 3.0285e+00 3.7792e+00 3.5091e+00
  90.7500 3.3317e+00 2.8573e+00 3.8039e+00 2.8634e+00 3.7725e+00 3.2555e+00 3.5009e+00 3.7725e+00 2.8634e+00 3.2483e+00 2.9723e+00 3.7087e+00 3.4440e+00
  91.0000 3.2699e+00 2.8042e+00 3.7334e+00 2.8102e+00 3.7026e+00 3.1951e+00 3.4360e+00 3.7026e+00 2.8102e+00 3.1878e+00 2.9173e+00 3.6398e+00 3.3803e+00
  91.2500 3.2093e+00 2.7522e+00 3.6643e+00 2.7581e+00 3.6340e+00 3.1360e+00 3.3724e+00 3.6340e+00 2.7581e+00 3.1286e+00 2.8635e+00 3.5722e+00 3.3179e+00
  91.5000 3.1500e+00 2.7013e+00 3.5966e+00 2.7071e+00 3.5669e+00 3.0781e+00 3.3102e+00 3.5669e+00 2.7071e+00 3.0706e+00 2.8107e+00 3.5061e+00 3.2568e+00
  91.7500 3.0920e+00 2.6514e+00 3.5303e+00 2.6571e+00 3.5011e+00 3.0214e+00 3.2492e+00 3.5011e+00 2.6571e+00 3.0138e+00 2.7590e+00 3.4413e+00 3.1970e+00
  92.0000 3.0351e+00 2.6026e+00 3.4654e+00 2.6082e+00 3.4367e+00 2.9658e+00 3.1895e+00 3.4367e+00 2.6082e+00 2.9582e+00 2.7085e+00 3.3779e+00 3.1384e+00
  92.2500 2.9794e+00 2.5548e+00 3.4018e+00 2.5603e+00 3.3737e+00 2.9114e+00 3.1310e+00 3.3737e+00 2.5603e+00 2.9038e+00 2.6589e+00 3.3157e+00 3.0810e+00
  92.5000 2.9249e+00 2.5080e+00 3.3395e+00 2.5134e+00 3.3119e+00 2.8581e+00 3.0737e+00 3.3119e+00 2.5134e+00 2.8504e+00 2.6104e+00 3.2549e+00 3.0248e+00
  92.7500 2.8714e+00 2.4621e+00 3.2785e+00 2.4674e+00 3.2513e+00 2.8059e+00 3.0175e+00 3.2513e+00 2.4674e+00 2.7981e+00 2.5629e+00 3.1953e+00 2.9698e+00
  93.0000 2.8191e+00 2.4172e+00 3.2187e+00 2.4224e+00 3.1921e+00 2.7548e+00 2.9625e+00 3.1921e+00 2.4224e+00 2.7469e+00 2.5163e+00 3.1369e+00 2.9159e+00
  93.2500 2.7679e+00 2.3732e+00 3.1601e+00 2.3783e+00 3.1340e+00 2.7046e+00 2.9086e+00 3.1340e+00 2.3783e+00 2.6968e+00 2.4707e+00 3.0797e+00 2.8630e+00
  93.5000 2.7176e+00 2.3301e+00 3.1027e+00 2.3351e+00 3.0771e+00 2.6555e+00 2.8559e+00 3.0771e+00 2.3351e+00 2.6476e+00 2.4260e+00 3.0236e+00 2.8113e+00
  93.7500 2.6684e+00 2.2878e+00 3.0465e+00 2.2928e+00 3.0213e+00 2.6074e+00 2.8041e+00 3.0213e+00 2.2928e+00 2.5995e+00 2.3822e+00 2.9687e+00 2.7606e+00
  94.0000 2.6202e+00 2.2465e+00 2.9914e+00 2.2513e+00 2.9667e+00 2.5603e+00 2.7534e+00 2.9667e+00 2.2513e+00 2.5523e+00 2.3393e+00 2.9149e+00 2.7109e+00
  94.2500 2.5730e+00 2.2059e+00 2.9374e+00 2.2107e+00 2.9131e+00 2.5141e+00 2.7038e+00 2.9131e+00 2.2107e+00 2.5061e+00 2.2973e+00 2.8622e+00 2.6622e+00
  94.5000 2.5267e+00 2.1662e+00 2.8845e+00 2.1709e+00 2.8607e+00 2.4688e+00 2.6551e+00 2.8607e+00 2.1709e+00 2.4608e+00 2.2561e+00 2.8105e+00 2.6145e+00
  94.7500 2.4814e+00 2.1273e+00 2.8326e+00 2.1319e+00 2.8093e+00 2.4245e+00 2.6074e+00 2.8093e+00 2.1319e+00 2.4165e+00 2.2157e+00 2.7599e+00 2.5678e+00
  95.0000 2.4370e+00 2.0891e+00 2.7818e+00 2.0937e+00 2.7589e+00 2.3810e+00 2.5607e+00 2.7589e+00 2.0937e+00 2.3730e+00 2.1762e+00 2.7103e+00 2.5219e+00
  95.2500 2.3935e+00 2.0518e+00 2.7320e+00 2.0562e+00 2.7095e+00 2.3384e+00 2.5149e+00 2.7095e+00 2.0562e+00 2.3304e+00 2.1374e+00 2.6616e+00 2.4771e+00
  95.5000 2.3508e+00 2.0151e+00 2.6832e+00 2.0195e+00 2.6611e+00 2.2966e+00 2.4700e+00 2.6611e+00 2.0195e+00 2.2886e+00 2.0994e+00 2.6140e+00 2.4331e+00
  95.7500 2.3090e+00 1.9792e+00 2.6353e+00 1.9836e+00 2.6136e+00 2.2557e+00 2.4260e+00 2.6136e+00 1.9836e+00 2.2476e+00 2.0622e+00 2.5673e+00 2.3899e+00
  96.0000 2.2680e+00 1.9440e+00 2.5884e+00 1.9483e+00 2.5672e+00 2.2156e+00 2.3828e+00 2.5672e+00 1.9483e+00 2.2075e+00 2.0257e+00 2.5215e+00 2.3477e+00
  96.2500 2.2278e+00 1.9095e+00 2.5425e+00 1.9138e+00 2.5216e+00 2.1762e+00 2.3405e+00 2.5216e+00 1.9138e+00 2.1682e+00 1.9899e+00 2.4767e+00 2.3062e+00
  96.5000 2.1884e+00 1.8757e+00 2.4974e+00 1.8799e+00 2.4769e+00 2.1377e+00 2.2991e+00 2.4769e+00 1.8799e+00 2.1296e+00 1.9548e+00 2.4327e+00 2.2656e+00
  96.7500 2.1498e+00 1.8426e+00 2.4532e+00 1.8467e+00 2.4331e+00 2.0999e+00 2.2584e+00 2.4331e+00 1.8467e+00 2.0918e+00 1.9204e+00 2.3896e+00 2.2258e+00
  97.0000 2.1120e+00 1.8101e+00 2.4099e+00 1.8141e+00 2.3902e+00 2.0628e+00 2.2186e+00 2.3902e+00 1.8141e+00 2.0548e+00 1.8867e+00 2.3473e+00 2.1867e+00
  97.2500 2.0749e+00 1.7782e+00 2.3674e+00 1.7822e+00 2.3480e+00 2.0265e+00 2.1795e+00 2.3480e+00 1.7822e+00 2.0185e+00 1.8537e+00 2.3058e+00 2.1484e+00
  97.5000 2.0385e+00 1.7470e+00 2.3258e+00 1.7509e+00 2.3068e+00 1.9909e+00 2.1412e+00 2.3068e+00 1.7509e+00 1.9828e+00 1.8213e+00 2.2652e+00 2.1109e+00
  97.7500 2.0028e+00 1.7164e+00 2.2849e+00 1.7203e+00 2.2663e+00 1.9560e+00 2.1037e+00 2.2663e+00 1.7203e+00 1.9479e+00 1.7895e+00 2.2254e+00 2.0741e+00
  98.0000 1.9679e+00 1.6864e+00 2.2449e+00 1.6902e+00 2.2266e+00 1.9217e+00 2.0669e+00 2.2266e+00 1.6902e+00 1.9137e+00 1.7584e+00 2.1863e+00 2.0380e+00
  98.2500 1.9336e+00 1.6569e+00 2.2056e+00 1.6607e+00 2.1877e+00 1.8881e+00 2.0308e+00 2.1877e+00 1.6607e+00 1.8801e+00 1.7278e+00 2.1480e+00 2.0026e+00
  98.5000 1.8999e+00 1.6281e+00 2.1671e+00 1.6318e+00 2.1495e+00 1.8552e+00 1.9954e+00 2.1495e+00 1.6318e+00 1.8472e+00 1.6978e+00 2.1104e+00 1.9679e+00
  98.7500 1.8670e+00 1.5998e+00 2.1294e+00 1.6034e+00 2.1121e+00 1.8229e+00 1.9606e+00 2.1121e+00 1.6034e+00 1.8149e+00 1.6684e+00 2.0736e+00 1.9339e+00
  99.0000 1.8346e+00 1.5720e+00 2.0923e+00 1.5756e+00 2.0753e+00 1.7912e+00 1.9266e+00 2.0753e+00 1.5756e+00 1.7833e+00 1.6396e+00 2.0375e+00 1.9005e+00
  99.2500 1.8029e+00 1.5447e+00 2.0560e+00 1.5483e+00 2.0393e+00 1.7601e+00 1.8932e+00 2.0393e+00 1.5483e+00 1.7522e+00 1.6113e+00 2.0021e+00 1.8678e+00
  99.5000 1.7718e+00 1.5180e+00 2.0204e+00 1.5215e+00 2.0040e+00 1.7296e+00 1.8604e+00 2.0040e+00 1.5215e+00 1.7217e+00 1.5836e+00 1.9673e+00 1.8356e+00
  99.7500 1.7412e+00 1.4918e+00 1.9854e+00 1.4953e+00 1.9694e+00 1.6998e+00 1.8283e+00 1.9694e+00 1.4953e+00 1.6919e+00 1.5564e+00 1.9332e+00 1.8041e+00
 100.0000 1.7113e+00 1.4661e+00 1.9511e+00 1.4695e+00 1.9354e+00 1.6704e+00 1.7968e+00 1.9354e+00 1.4695e+00 1.6626e+00 1.5297e+00 1.8998e+00 1.7732e+00